34.793999999999997 7.587000000000000 0.441000000000000 3 3 5 0.300000000000000 -13.092819580583134 -799.603857280178204 -24770.063713814768562 -23351.582644655092736
34.319626625818117 11.964297742900509 0.485428657682480 2.027212317899618 -0.489596830422431 2.034459618151760 0.502383064499447 100000000000000000000.000000000000000 100000000000000000000.000000000000000 100000000000000000000.000000000000000 100000000000000000000.000000000000000
38.664606555054107 6.297255457564550 0.399492801971383 0.531298139349394 1.240765714934274 3.837959124287115 0.566261081674197 -8.445126231876692 12284.111053604538029 -42862.740485120484664 -32666.125977299056103
37.295972367002619 7.189698945751809 0.475886892435347 0.807717625519195 0.399641320155850 2.708763634375940 0.380058051916668 -12.709246189837829 5344.943884048959262 29866.358146335718629 3751.020260515828795
36.195077753030944 10.863745561769171 0.323858215950629 2.346957905717883 -0.355711343594760 3.514436160506317 0.479463110200819 -12.680440531487147 -2009.735422359560744 -7750.224884789198768 -14965.853643448619550
41.176709265198255 9.651603003882711 0.421740497086137 -0.005720745726889 1.026964139246141 3.440081693755948 0.762228657203198 -6.744437483991876 11626.991009406252488 -13759.986807766183119 -18121.353143221309438
37.751974202401932 11.692245267632474 0.297785900788099 0.006027423126164 2.690998541538370 2.289175574111095 0.454981902243216 100000000000000000000.000000000000000 100000000000000000000.000000000000000 100000000000000000000.000000000000000 100000000000000000000.000000000000000
31.286336518541521 6.509595785827748 0.311682914831136 -0.712952238068206 2.438397285863384 4.379467583177487 0.585647691540804 -4.613904874137289 13526.909845020787543 -59778.432550766927307 -41143.791510716924677
34.525967066182282 8.876571280596911 0.449674750047427 1.144213105725175 1.796188008691228 3.112290054467108 0.332541560408553 -12.968514501972574 645.792000652708907 42128.272451438642747 9984.436360412581053
42.055848062575294 9.543580381698808 0.325774027718644 1.895412489887191 2.173572268703387 4.765910908199360 0.710447468390210 -8.866730209655097 6342.897061273902182 -34486.095165493134118 -28419.429312144322466
39.422315924526728 7.882059253678205 0.459561646226459 0.789862509488562 0.882412720677073 4.965720765096070 0.323598937962809 -10.025214780886889 8315.050410338917573 -40208.937128816811310 -31238.927570879888663
35.312035497234213 11.294387746414726 0.290162975185123 1.233713053174716 -0.715959824415846 3.690751963816758 0.403246237275364 -10.602131706841774 2076.875744508713069 -27297.499390625955130 -24758.971588273416273
32.023305324726579 8.472300327097136 0.335531645698829 -0.357427749400359 0.799006035364933 1.920086303462760 0.358119816613877 100000000000000000000.000000000000000 100000000000000000000.000000000000000 100000000000000000000.000000000000000 100000000000000000000.000000000000000
43.898666517785443 8.151367846515814 0.384422507238673 2.851034812827370 1.544597112421085 2.450174830716610 0.774477561725415 100000000000000000000.000000000000000 100000000000000000000.000000000000000 100000000000000000000.000000000000000 100000000000000000000.000000000000000
41.526370229613121 7.299315433762808 0.423118553521838 -0.984669673672102 0.517299032843974 4.312514226090283 0.522771308824832 -3.391361379710541 18369.192608116696647 -54510.376056196539139 -38520.166673936997540
32.781357123407389 10.033966292378951 0.490787848280228 1.607916008496638 1.984877872882616 3.171508279745818 0.681239899016158 -10.356534337506650 1563.128705391730364 9930.747482839207805 -6209.804455421242892
39.782644018305618 7.567168981504433 0.352484876944564 2.728513092996672 0.066809967688008 4.123865812496250 0.630324186743313 -10.745097915570197 6335.001992348574277 -39072.056299973723071 -30716.558293904188758
30.277377777157206 10.512350270806893 0.376142221642226 -0.473523869848234 2.255404701003666 2.807397683790745 0.645755533335673 -6.359385333773220 5842.820486980438545 8297.538367109689716 -7069.863368759209152
44.853853998555302 9.192176274511073 0.407876253463066 0.380578967691534 -0.812267149987693 2.202291004614041 0.443601447454328 100000000000000000000.000000000000000 100000000000000000000.000000000000000 100000000000000000000.000000000000000 100000000000000000000.000000000000000
43.448896122735199 6.760426608207735 0.359738350056517 2.473855432419539 -0.190787309918270 1.740588430487688 0.719626497796533 100000000000000000000.000000000000000 100000000000000000000.000000000000000 100000000000000000000.000000000000000 100000000000000000000.000000000000000
33.112969355276547 10.213863470734530 0.437271275445416 1.432310671925617 2.915666209979837 4.551866863456524 0.596184791199091 -8.324956991301763 4471.026950035699883 -36060.581437922606710 -29175.455798173807125
36.793999999999997 7.587000000000000 0.441000000000000 3 3 5 0.300000000000000 -13.364813944164510 -1215.128107051077222 -18956.250599837083428 -20444.334820848336676
42.793999999999997 7.587000000000000 0.441000000000000 3 3 5 0.300000000000000 -14.062149695414764 -2489.457931216784345 700.396574318395437 -10615.394456402507785
45 7.587000000000000 0.441000000000000 3 3 5 0.300000000000000 -14.279353114372846 -2969.766487296184550 8793.039259072593268 -6568.955489057423620
38.793999999999997 7.587000000000000 0.441000000000000 2 3 5 0.300000000000000 -12.607773924812879 1748.955185491733573 -18873.897798368299846 -20460.518501830694731
38.793999999999997 7.587000000000000 0.441000000000000 3 3 5 0.300000000000000 -13.615960932455925 -1635.060588227410335 -12778.135057762658107 -17355.012610560639587
30 7.587000000000000 0.441000000000000 3 3 5 0.300000000000000 -12.343818642840988 180.267512533716285 -37261.214451369072776 -29598.408170809834701
37.793999999999997 7.587000000000000 0.441000000000000 3 3 5 0.300000000000000 -13.492883611551962 -1424.523527407727443 -15913.167260716249075 -18922.652292387771013
37 7.587000000000000 0.441000000000000 3 3 5 0.300000000000000 -13.391614882700660 -1258.172159593864308 -18336.851553386059095 -20134.604779511522793
40.793999999999997 7.587000000000000 0.441000000000000 3 2 5 0.300000000000000 -14.432948568445081 -962.006403596338487 -14366.992889267878127 -18164.896238517292659
34.793999999999997 7.587000000000000 0.441000000000000 3 -1 5 0.300000000000000 -12.285577229091960 2830.266102112162571 -47734.546503798665071 -34883.429211416849284
41 7.587000000000000 0.441000000000000 3 1 4 0.300000000000000 -16.420124455243705 -2025.368901305480676 13531.600768658863672 -4233.271878655052205
40.793999999999997 7.587000000000000 0.441000000000000 3 1 5 0.300000000000000 -14.542076830849481 117.122227245139925 -22364.972133243085409 -22177.941289701368078
40.793999999999997 7.587000000000000 0.441000000000000 3 -1 5 0.300000000000000 -13.121206172314018 2223.194478347700624 -37959.724423555882822 -29995.539597042639798
38.793999999999997 7.587000000000000 0.441000000000000 3 1 4 0.300000000000000 -16.047410678391547 -1542.728412935718097 3928.862101359949520 -9034.478821844983031
39.793999999999997 7.587000000000000 0.441000000000000 3 1 4 0.300000000000000 -16.219494347859396 -1760.362782313950220 8198.300180912050564 -6899.826344060450538
45 8.587000000000000 0.441000000000000 3 1 5 0.300000000000000 -15.067070928356909 -3387.162795181348429 -1978.935840104551744 -11943.693638184147858
45 11.587000000000000 0.441000000000000 3 1 5 0.300000000000000 -15.070452725535729 -12179.612246423597753 27321.687075459085463 2833.611266976752631
41 8.587000000000000 0.341000000000000 3 1 4 0.300000000000000 -16.340241089779596 -4493.287320697758332 19149.782542594748520 -1385.810657115537424
40.793999999999997 8.587000000000000 0.341000000000000 3 1 4 0.300000000000000 -16.304507805376101 -4432.321796210579123 18142.167141150781390 -1889.652573287820815
41 8.587000000000000 0.341000000000000 2 1 4 0.300000000000000 -15.177988224786800 -691.762190053524364 6951.966133904599701 -7550.711721578059951
40.793999999999997 8.587000000000000 0.341000000000000 2 1 4 0.400000000000000 -13.380024324798848 1296.222199609364225 -10274.895250365680113 -16238.565750783671319
45 8.587000000000000 0.500000000000000 3 1 5 0.300000000000000 -15.007524931823420 -3362.351668895560124 1365.438582195857180 -10268.829278337347205
42 8.587000000000000 0.441000000000000 3 -1 5 0.300000000000000 -13.349490256996022 -243.638805936763731 -30260.669144299474283 -26108.105087271949742
40.793999999999997 9.587000000000000 0.500000000000000 3 -1 5 0.300000000000000 -13.292758391958492 -2405.887850588405854 -25639.132833581046725 -23757.191643783928157
45 9.587000000000000 0.441000000000000 3 1 5 0.400000000000000 -12.936352720092676 -3218.051384844953191 -9878.391346751530364 -15955.222526669609579
30 10.587000000000000 0.441000000000000 3 1 5 0.400000000000000 -11.278261119807805 -1805.631631441853870 -42525.155953536253946 -32250.061341571163211
40.793999999999997 6 0.341000000000000 3 3 5 0.300000000000000 -14.079645688457793 2080.853529687229639 -25457.004537099746813 -23770.310169626347488
45 10.587000000000000 0.441000000000000 3 1 5 0.300000000000000 -15.075165979210363 -9196.937189141030103 17131.084889988422219 -2304.640615209578300
45 8.587000000000000 0.441000000000000 2 1 5 0.300000000000000 -13.884983340098142 1071.776482110402412 -11353.558131311503530 -16698.547486801169725
45 8.587000000000000 0.441000000000000 3 1 4 0.300000000000000 -17.020852630671907 -5937.741168896997806 49724.164423266149242 13904.791266987456765
35 7.587000000000000 0.280000000000000 3 3 5 0.300000000000000 -13.230804966808702 -943.208512329065911 -30970.153823807511799 -26461.809197891918302
40.793999999999997 7.587000000000000 0.381000000000000 2.750000000000000 1 4.250000000000000 0.325000000000000 -15.116083701005856 -14.113119315485301 -9304.907833670164109 -15690.944467703207920
40.793999999999997 7.587000000000000 0.280000000000000 2 1 2 0.400000000000000 100000000000000000000.000000000000000 100000000000000000000.000000000000000 100000000000000000000.000000000000000 100000000000000000000.000000000000000
40.793999999999997 7.587000000000000 0.341000000000000 3 1 4 0.300000000000000 -16.293690496012694 -1896.035963967514135 5838.814808489105417 -8082.636100869214715
38.793999999999997 7.587000000000000 0.381000000000000 2.750000000000000 1 3.250000000000000 0.325000000000000 -16.860484344360621 -1948.399830323439119 40021.692277104164532 8968.680963259734199
41.793999999999997 7.587000000000000 0.281000000000000 2.750000000000000 1 4.250000000000000 0.325000000000000 -15.193653551032645 -216.873595754385462 -11567.057590241523940 -16824.637462135851820
44.793999999999997 7.587000000000000 0.280000000000000 2.750000000000000 1 4.250000000000000 0.325000000000000 -15.641614495943086 -735.372556771769155 -1892.909879281115082 -11987.402970448274573
45 7.587000000000000 0.280000000000000 2.750000000000000 1 4.250000000000000 0.325000000000000 -15.671167468896060 -771.563301803088621 -1193.270881791374450 -11637.572461875262888
41 7.587000000000000 0.380000000000000 2.750000000000000 2 4.250000000000000 0.325000000000000 -15.014351309713172 -1158.992471112367184 1673.532990268298363 -10188.856754009590077
40.793999999999997 8.587000000000000 0.341000000000000 3 1 4 0.400000000000000 -14.417419563466501 -2472.261227749252612 -628.961536101532829 -11367.269824674032861
42 7.587000000000000 0.280000000000000 3 1 4.250000000000000 0.325000000000000 -15.391144397322526 -1067.921001162943185 -8789.108366091702919 -15422.161908003243298
45 7.587000000000000 0.380000000000000 2.750000000000000 -1 4.250000000000000 0.325000000000000 -14.240102233658710 1618.464105744122662 -18684.436758815525536 -20399.852521847817115
42 7.587000000000000 0.500000000000000 2.750000000000000 1 4.250000000000000 0.325000000000000 -15.250086878751771 -58.914489219958661 1523.582506074745197 -10273.194065062505615
42 7.587000000000000 0.280000000000000 2.750000000000000 1 5 0.325000000000000 -13.943225935823506 1212.141058886875044 -30706.088622960560315 -26392.622498573095072
40 6.587000000000000 0.280000000000000 2.750000000000000 1 4.250000000000000 0.325000000000000 -14.880673768076100 2276.116379581231286 -25108.360697477393842 -23630.407774160848930
30 7.587000000000000 0.380000000000000 2.750000000000000 1 4.250000000000000 0.325000000000000 -13.202395828157657 1704.639310449882487 -39306.112782245581911 -30692.263116825190082
30 8.587000000000000 0.280000000000000 2 0 5 0.300000000000000 -11.110221983731689 3507.884281832036322 -53768.055425723861845 -37928.756524730328238
45 6.587000000000000 0.500000000000000 2.750000000000000 2 4.250000000000000 0.300000000000000 -15.992068406607457 545.057935251926779 18675.965775110049435 -1699.705520375898686
45 6.587000000000000 0.500000000000000 3 2 4 0.300000000000000 -16.703702486352494 -980.642311681666683 36160.224578396933794 7053.616583654878923
45 8.587000000000000 0.280000000000000 1.750000000000000 2 3.250000000000000 0.525000000000000 -13.190950348051336 -864.958993942702023 54188.654383044755377 15942.392128122764916
40.793999999999997 8.087000000000000 0.341000000000000 2.690000000000000 2 4.250000000000000 0.345000000000000 -14.553953485706906 -1771.946873100135463 -484.186907196772324 -11271.934201755913818
39.793999999999997 8.057000000000000 0.341000000000000 2.560000000000000 2 4.280000000000000 0.344000000000000 -14.276220473505770 -989.619009849912004 -6544.531776470447767 -14309.243267802072296
41 8.087000000000000 0.380000000000000 2.680000000000000 2 4.360000000000000 0.358000000000000 -14.119250353333413 -1208.392080614916040 -3842.008581068129843 -12960.430628800197155
45 7.657000000000000 0.280000000000000 3 1 4.280000000000000 0.326000000000000 -15.762118202926612 -1743.432175066080617 650.099052843125833 -10700.631894584006659
43 7.556999999999999 0.280000000000000 2.760000000000000 1 4.240000000000000 0.324000000000000 -15.424139147675653 -426.312956509771539 -7474.910272922026707 -14778.189507426826822
45 8.087000000000000 0.280000000000000 2.630000000000000 0 4.480000000000000 0.333000000000000 -14.443567671902960 384.212825056391637 -17604.700517278615735 -19849.771722524921643
32.793999999999997 8.087000000000000 0.280000000000000 3 1 4.630000000000000 0.332000000000000 -13.094735714622121 378.606760700724521 -39877.970694721348991 -30955.240731490564940
45 7.277000000000000 0.280000000000000 2.670000000000000 1 4.400000000000000 0.330000000000000 -15.198762413653812 717.592337114909810 -11529.575627525378877 -16824.487627315687860
45 7.087000000000000 0.500000000000000 2.600000000000000 1 5 0.300000000000000 -14.628936147531178 2559.831580909747572 -15880.333991437073564 -18976.450196377682005
45 7.757000000000000 0.280000000000000 2.710000000000000 2 4.330000000000000 0.328000000000000 -15.342208072949989 -2081.631908597372785 7362.331547760885769 -7345.772974278367656
45 7.627000000000000 0.280000000000000 2.740000000000000 1 4.270000000000000 0.300000000000000 -16.180668393919003 -1342.604520274828474 3262.089817928935190 -9385.340327146588606
45 7.717000000000000 0.280000000000000 2.720000000000000 1 3.750000000000000 0.327000000000000 -16.655269503382261 -2184.499083915616211 26751.822678703865677 2335.279228183301711
42 6 0.380000000000000 -1 1 1.600000000000000 0.790000000000000 100000000000000000000.000000000000000 100000000000000000000.000000000000000 100000000000000000000.000000000000000 100000000000000000000.000000000000000
41 7.396999999999999 0.380000000000000 2.920000000000000 1.250000000000000 4.140000000000000 0.307000000000000 -15.896828589630598 -1051.536187353862715 1197.200262440945153 -10418.154899807947004
43 7.657000000000000 0.280000000000000 2.810000000000000 0.840000000000000 4.320000000000000 0.305000000000000 -15.674894889031483 -880.569744212576325 -7324.896215764851149 -14680.655206454024665
37 7.867000000000000 0.280000000000000 2.990000000000000 0.360000000000000 4.530000000000000 0.300000000000000 -14.293564967597520 -39.055790445001143 -30386.675963445803063 -26193.009486151600868
41 7.467000000000000 0.380000000000000 2.750000000000000 0.840000000000000 4.060000000000000 0.325000000000000 -15.485576200571316 -3.476111511218164 -4203.601424813427911 -13147.147647078583759
40.793999999999997 8.077000000000000 0.441000000000000 2.750000000000000 1 4.250000000000000 0.325000000000000 -15.122200710027979 -1171.267126665166188 -1221.577349774442837 -11629.854434561137168
45 7.557000000000000 0.380000000000000 2.900000000000000 0.840000000000000 4.630000000000000 0.300000000000000 -15.643358071586078 -774.336999251281554 -5429.508393932689614 -13722.784744983879136
40 7.697000000000000 0.280000000000000 3 0.840000000000000 4.210000000000000 0.300000000000000 -15.610122828846171 -1325.467954276954970 -10167.813175440007399 -16084.619399170920587
45 8.157000000000000 0.280000000000000 2.850000000000000 0.840000000000000 4.440000000000000 0.313000000000000 -15.616864649446097 -2228.661817603945565 -1395.985796379242629 -11702.531306905893871
40 7.697000000000000 0.280000000000000 2.780000000000000 -0.160000000000000 4.210000000000000 0.300000000000000 -14.832791880084786 436.895724960350549 -21426.385525771624089 -21737.877599926949188
45 7.497000000000000 0.280000000000000 2.960000000000000 0.840000000000000 4.820000000000000 0.337000000000000 -14.452123633360580 435.846014192602127 -21863.449867590516078 -21975.119142395087692
30 7.857000000000000 0.280000000000000 2.620000000000000 0.840000000000000 4.580000000000000 0.300000000000000 -12.815720258654682 1758.041428414351685 -45425.838059856978361 -33732.060807244146417
30 7.537000000000000 0.380000000000000 2.930000000000000 0.840000000000000 4.700000000000000 0.329000000000000 -12.594973331538176 2192.672141501159786 -46666.119778423933894 -34368.678089095978066
30 7.527000000000000 0.441000000000000 2.780000000000000 1 5 0.310000000000000 -12.521629577711243 2633.601026503842149 -47594.545030977722490 -34819.615059495517926
45 7.646999999999999 0.441000000000000 3 1 4.500000000000000 0.300000000000000 -15.990125666104090 -1865.407970418392097 7021.140460907613488 -7484.233649464060363
32 12 0.500000000000000 -1 1.840000000000000 1.600000000000000 0.300000000000000 100000000000000000000.000000000000000 100000000000000000000.000000000000000 100000000000000000000.000000000000000 100000000000000000000.000000000000000
41 7.717000000000000 0.380000000000000 2.910000000000000 0.900000000000000 4.170000000000000 0.308000000000000 -15.782718216508837 -1352.027384010876858 -810.217363294909319 -11415.222920426434939
35 7.896999999999998 0.500000000000000 3 1.080000000000000 3.719999999999999 0.317000000000000 -15.590892029374032 -1791.306514457168987 5373.113683985340685 -8315.849590390054800
40.793999999999997 7.757000000000000 0.441000000000000 2.750000000000000 1 4.250000000000000 0.325000000000000 -15.119227981631891 -374.898157739515398 -4409.841065650960445 -13235.505606099757642
37.793999999999997 7.887000000000000 0.341000000000000 2.700000000000000 1 4.320000000000000 0.328000000000000 -14.399100500594088 164.152183471996068 -21091.381543757823238 -21580.122425854398898
41 7.467000000000000 0.380000000000000 2.750000000000000 -0.100000000000000 3.800000000000000 0.325000000000000 -15.565471734306399 412.974087864031901 -4021.312126214568252 -13067.039499766702647
41 7.736999999999999 0.380000000000000 3 0.900000000000000 4.140000000000000 0.314000000000000 -15.774634675578191 -1653.772308818556667 414.693107297024767 -10802.955172912150374
41 7.717000000000000 0.280000000000000 2.910000000000000 0.900000000000000 4.180000000000000 0.306000000000000 -15.677636595797919 -1294.930029757100556 -6783.707525891274599 -14402.670885363768321
40 7.556999999999999 0.380000000000000 2.970000000000000 0.900000000000000 4.390000000000000 0.300000000000000 -15.424349524459874 -700.282555401644004 -11977.480452857469572 -16992.594635393019416
40 7.507000000000000 0.380000000000000 2.990000000000000 1.900000000000000 4.460000000000000 0.305000000000000 -15.146925382992075 -1457.024857400117298 -6178.540316263864042 -14085.885616865505654
41 7.217000000000000 0.380000000000000 2.890000000000000 0.900000000000000 4.090000000000000 0.327000000000000 -15.509025584468525 181.509893816529910 -6370.353860658423400 -14233.043355848827559
42 7.806999999999999 0.380000000000000 2.870000000000000 0.900000000000000 4.670000000000000 0.338000000000000 -14.321483674764897 161.171945242252519 -18918.233389719116531 -20494.383903629124688
39.793999999999997 7.717000000000000 0.500000000000000 2.520000000000000 2 4.760000000000000 0.315000000000000 -13.854818162495178 649.407405115734718 -12524.746341295704042 -17279.687944769382739
30 7.726999999999999 0.380000000000000 2.910000000000000 0.900000000000000 4.160000000000000 0.311000000000000 -13.654406084127695 789.183532402011679 -35352.821029168851965 -28689.996563906614028
41.793999999999997 7.457000000000000 0.280000000000000 3 0 5 0.300000000000000 -14.046768753645885 1219.386484285712186 -34151.050132923606725 -28092.509386294299475
42 12 0.480000000000000 -1 -0.100000000000000 5 0.300000000000000 -3.669550940818000 13652.501637700352148 -42122.594918935865280 -32264.088827286763262
40.793999999999997 7.547000000000000 0.441000000000000 2.810000000000000 1.280000000000000 4.720000000000000 0.310000000000000 -14.659346501271155 289.318378553750961 -16069.853705380257452 -19050.522813696308731
41 7.566999999999999 0.380000000000000 2.910000000000000 0.410000000000000 3.980000000000000 0.308000000000000 -16.005827946763535 -852.208966894934861 81.821310537637345 -10981.583165969474067
41 7.116999999999998 0.380000000000000 2.910000000000000 -1 3.410000000000000 0.308000000000000 -16.133546458135559 378.449769315644346 5058.882926556950224 -8525.767889488062792
41 7.156999999999999 0.380000000000000 2.880000000000000 0.410000000000000 3.850000000000000 0.315000000000000 -16.088833918072979 99.221911625809355 -270.089199101428335 -11181.611349358430743
41 7.467000000000000 0.380000000000000 2.750000000000000 0.900000000000000 3.870000000000000 0.325000000000000 -15.892198070116649 -497.293442520786641 5184.118618242445336 -8453.341441664622835
40 7.316999999999999 0.380000000000000 3 0.410000000000000 3.950000000000000 0.300000000000000 -16.125299370272781 -585.353303204273971 -2616.720800005863566 -12327.464285196019773
37 6.566999999999999 0.380000000000000 3 0.410000000000000 3.860000000000000 0.300000000000000 -15.693124141404940 1443.439272530843482 -17087.926072922553431 -19592.808001273504487
41 7.316999999999999 0.380000000000000 3 0.410000000000000 3.950000000000000 0.300000000000000 -16.306517770832212 -772.212396168749365 1186.961262146415947 -10425.693682164544953
40 7.316999999999999 0.280000000000000 3 0.410000000000000 3.950000000000000 0.300000000000000 -15.904900240126620 -486.938157179688801 -8216.542814942660698 -15129.577769337189238
40 6.316999999999999 0.380000000000000 3 0.410000000000000 3.950000000000000 0.300000000000000 -16.070215102960887 1791.988098179441295 -13325.270439267058464 -17721.127333523767447
40 7.316999999999999 0.380000000000000 3 1.410000000000000 4.950000000000000 0.300000000000000 -14.553034337052431 307.681779275694907 -24583.806560157438071 -23295.880749003397796
30 7.316999999999999 0.380000000000000 3 0.410000000000000 3.950000000000000 0.300000000000000 -14.019014177513915 1199.425968226321856 -34431.853575015207753 -28235.203304678514542
39 7.316999999999999 0.380000000000000 3 0.410000000000000 4.950000000000000 0.300000000000000 -14.138650169078902 1444.037875918712416 -33673.951732736080885 -27852.790736601498793
41 7.566999999999999 0.380000000000000 2.910000000000000 0.410000000000000 3.980000000000000 0.300000000000000 -16.185276938054582 -1017.471017133167493 1693.479021360273009 -10167.687567360231697
40 7.316999999999999 0.380000000000000 2 0.410000000000000 3.950000000000000 0.300000000000000 -14.835479117065738 2651.556705509809944 -12867.748763544597750 -17509.933661841569119
39 7.316999999999999 0.380000000000000 3 1.410000000000000 3.950000000000000 0.400000000000000 -14.279566791212483 457.187235607101627 -10720.162027481872428 -16446.230626773132826
41 7.566999999999999 0.380000000000000 2.910000000000000 0.410000000000000 3.980000000000000 0.408000000000000 -14.117730833883735 1116.734112134158067 -14318.039458260642277 -18255.186700061960437
45 8.317000000000000 0.500000000000000 3 -0.590000000000000 2.950000000000000 0.300000000000000 -19.778737018540181 -6804.269601660994340 153734.429766809334978 65870.173832937056432
41 7.396999999999999 0.321000000000000 2.750000000000000 0.370000000000000 3.790000000000000 0.325000000000000 -15.801648898448345 63.941969635499937 -1884.119707343419805 -11997.214854886484318
42 7.266999999999999 0.320000000000000 2.750000000000000 0.890000000000000 3.940000000000000 0.327000000000000 -15.806818562542958 10.041244952092397 -952.497269472451308 -11531.553168526361333
40 7.316999999999999 0.381000000000000 3 0.410000000000000 3.950000000000000 0.300000000000000 -16.126950087277091 -585.999620604047323 -2560.328287049228038 -12299.243693853793957
40 7.316999999999999 0.384000000000000 3 0.410000000000000 3.950000000000000 0.300000000000000 -16.131838689573019 -587.896713085141641 -2391.112150173806640 -12214.562395292115980
40 7.316999999999999 0.396000000000000 3 0.410000000000000 3.950000000000000 0.300000000000000 -16.150445681103907 -594.854165969994824 -1713.682773600384508 -11875.551500923982530
40 7.316999999999999 0.444000000000000 3 0.410000000000000 3.950000000000000 0.299999999999999 -16.210098127897773 -612.421505714333193 1004.295003335599063 -10515.330938318687913
41 7.316999999999999 0.296000000000000 3 0.410000000000000 3.950000000000000 0.300000000000000 -16.137656167990055 -693.253520644581840 -3772.315086325610537 -12907.129835899622776
40 8.266999999999999 0.320000000000000 2.750000000000000 0.890000000000000 3.940000000000000 0.327000000000000 -15.499478289436995 -1959.277255904146386 2338.794938631906007 -9850.716763318734593
40 7.316999999999999 0.496000000000000 3 -0.590000000000000 3.950000000000000 0.300000000000000 -15.524480697857307 388.829567049329910 -8991.596452843610678 -15522.145537878051982
35 7.316999999999999 0.396000000000000 3 0.410000000000000 3.950000000000000 0.300000000000000 -15.178378680091006 315.758987668497809 -19210.100318854823854 -20623.527561492461246
40 7.316999999999999 0.280000000000000 3 -0.590000000000000 3.950000000000000 0.300000000000000 -15.069877609244331 517.663100179154071 -18315.660295087360282 -20188.080949439838150
40 7.316999999999999 0.396000000000000 3 0.410000000000000 4.950000000000000 0.300000000000000 -14.294764291468951 1337.297515288146087 -31047.121830579446396 -26538.774103979794745
40 6.316999999999999 0.396000000000000 3 0.410000000000000 3.950000000000000 0.300000000000000 -16.096987335672583 1804.929279228185578 -12555.943486151760226 -17336.125761071460147
40 7.316999999999999 0.396000000000000 2 0.410000000000000 3.950000000000000 0.300000000000000 -14.844865443119518 2680.512564610670779 -12070.643218022887595 -17111.023665215354413
42 6.266999999999999 0.280000000000000 2.750000000000000 0.890000000000000 4.940000000000000 0.427000000000000 -12.209018955378413 6441.831667225591445 -44947.108511544705834 -33614.351659438514616
42 8.266999999999999 0.420000000000000 2.750000000000000 0.890000000000000 2.940000000000000 0.300000000000000 -18.417001980653126 -6457.347017274392783 153346.670522194966907 65686.237616210768465
41 9.317000000000000 0.500000000000000 3 1.410000000000000 3.950000000000000 0.600000000000000 -11.799990214984726 -1161.471152505864666 3665.446199985101885 -9291.390877476314927
42 7.186999999999999 0.320000000000000 2.750000000000000 1.030000000000000 3.850000000000000 0.332000000000000 -15.920099318785377 -54.595127131882080 3085.360324804045831 -9518.217719652609958
41 7.436999999999999 0.296000000000000 2.750000000000000 0.190000000000000 3.760000000000000 0.325000000000000 -15.714149347580179 110.738103991639960 -3627.586326231516068 -12869.848619329117355
39 7.396999999999999 0.396000000000000 3 0.460000000000000 4.070000000000000 0.300000000000000 -15.748635081382584 -409.979749168355852 -8857.497695788519195 -15443.122056949057878
41 7.556999999999999 0.296000000000000 3 0.550000000000000 4.300000000000000 0.324000000000000 -15.025952870020800 -248.019437155480688 -16928.314994670210581 -19496.243667442711740
40 7.356999999999999 0.396000000000000 3 -0.090000000000000 4.010000000000000 0.304000000000000 -15.619705688226578 20.985110444880991 -10241.463106954077375 -16146.773089827684089
38 7.536999999999999 0.496000000000000 3 0.540000000000000 4.270000000000000 0.322000000000000 -14.822885996873470 268.245549525657168 -15855.289432968709662 -18953.125916257016797
39 6.816999999999999 0.396000000000000 3 0.460000000000000 4.060000000000000 0.308000000000000 -15.568664894094587 1086.574907265990078 -15348.375020994060833 -18718.939401635572722
41 7.177000000000000 0.496000000000000 2.890000000000000 0.330000000000000 4.450000000000000 0.300000000000000 -15.223024555222413 1156.136409031515086 -15101.517028393716828 -18577.171222603603383
39 7.376999999999999 0.396000000000000 2.500000000000000 0.450000000000000 4.040000000000000 0.306000000000000 -15.179079662129791 1317.893102623652794 -13709.100151012597053 -17904.304291105680022
42 7.247000000000000 0.320000000000000 2.650000000000000 0.390000000000000 4.150000000000000 0.337000000000000 -14.870400658953432 1564.694738675616918 -16989.292520642255113 -19567.769041997315071
42 7.286999999999999 0.320000000000000 2.850000000000000 1.390000000000000 3.730000000000000 0.317000000000000 -16.547241735507615 -1583.238354680685916 20011.512066373496054 -1029.735405780153314
41 7.186999999999999 0.296000000000000 2.890000000000000 0.850000000000000 3.670000000000000 0.790000000000000 -11.111793032848388 5794.064475463643248 -26087.625205016462132 -24252.217631267114484
42 7.306999999999999 0.305000000000000 2.940000000000000 0.730000000000000 4.010000000000000 0.308000000000000 -16.139717961119970 -740.679789065958630 -912.717563219253179 -11485.104239680882529
42 7.306999999999999 0.305000000000000 2.940000000000000 0.720000000000000 4.010000000000000 0.308000000000000 -16.136266176666716 -729.831486832142446 -1024.851827461357288 -11541.282004401198719
41 7.257000000000000 0.364000000000000 2.910000000000000 0.460000000000000 3.900000000000000 0.309000000000000 -16.140066833176956 -298.499915897843266 -306.810991218652930 -11188.758229606180976
40 7.297000000000000 0.382000000000000 2.960000000000000 0.610000000000000 3.960000000000000 0.301000000000000 -16.139368905352253 -572.417429612275555 -1449.355700352510667 -11745.518964751108797
40 7.516999999999999 0.369000000000000 2.930000000000000 0.390000000000000 3.970000000000000 0.302000000000000 -15.968517081193141 -722.932861417376216 -3282.986918237830650 -12659.238169888236371
40 7.236999999999999 0.346000000000000 3 0.370000000000000 4 0.304000000000000 -15.846707476192055 -155.583930722196527 -8557.681579193154903 -15306.075195302728389
40 7.336999999999999 0.409000000000000 3 0.420000000000000 3.940000000000000 0.320000000000000 -15.758141328257688 -274.940874754928018 -3919.020262562246444 -12996.212363889115295
40 7.336999999999999 0.410000000000000 3 0.420000000000000 4.150000000000000 0.300000000000000 -15.759770298908236 -249.487440436057852 -8735.273262404358320 -15384.169422727385609
42 7.286999999999999 0.295000000000000 2.710000000000000 0.690000000000000 3.860000000000000 0.344000000000000 -15.515374200531047 439.728614595081069 -4151.893839171181753 -13148.478153108526385
41 7.316999999999999 0.398000000000000 3 0.410000000000000 3.950000000000000 0.300000000000000 -16.332685510954018 -782.812887494669440 2257.128938688669223 -9890.185936055009734
40 7.196999999999999 0.383000000000000 2.800000000000000 0.340000000000000 4.020000000000000 0.307000000000000 -15.617973995960114 691.378912611703527 -10567.022298958658212 -16325.570458897367644
42 7.247000000000000 0.345000000000000 2.790000000000000 1.090000000000000 4.020000000000000 0.310000000000000 -16.093005861072090 -448.034326493803121 2676.705570894005177 -9697.632869891845985
39 7.306999999999999 0.280000000000000 2.980000000000000 0.400000000000000 3.740000000000000 0.302000000000000 -16.076491422976389 -568.877611997179770 -3571.027004205837784 -12811.186516198735262
40.500000000000000 7.246999999999999 0.386000000000000 2.950000000000000 0.540000000000000 3.920000000000000 0.305000000000000 -16.193640800014123 -442.974173055930351 213.420441759246813 -10921.514731809227669
40.500000000000000 7.306999999999999 0.401000000000000 3 0.390000000000000 3.960000000000000 0.300000000000000 -16.216196807117939 -624.399709048655041 -322.298917944161133 -11180.352860239239817
42 7.276999999999999 0.416000000000000 3 0.330000000000000 3.990000000000000 0.300000000000001 -16.398477722449169 -701.703202907144259 3868.393982154642345 -9086.526158172977375
41.500000000000000 7.217000000000000 0.340000000000000 2.950000000000000 0.610000000000000 3.940000000000000 0.305000000000000 -16.284339053469520 -560.419729457125982 825.118889860273043 -10617.061955165665495
42 7.396999999999999 0.359000000000000 2.880000000000000 0.900000000000000 4 0.335000000000000 -15.666905531545030 -448.957007262101683 258.579047488223466 -10920.232350467802462
40.500000000000000 7.207000000000000 0.390000000000000 3 0.390000000000000 3.960000000000000 0.302000000000000 -16.149498063045375 -333.809455720024744 -2463.888861897763945 -12257.369180213465370
40.500000000000000 7.337000000000000 0.361000000000000 3 0.400000000000000 3.970000000000000 0.300000000000000 -16.137963053914579 -662.035742020791304 -2598.342717405945677 -12317.985942414410601
40.500000000000000 7.306999999999999 0.398000000000000 3 0.190000000000000 3.960000000000000 0.300000000000000 -16.102481845138151 -417.696088392104798 -2897.527122899209189 -12470.207666303153019
40.500000000000000 7.276999999999999 0.378000000000000 2.900000000000000 0.370000000000000 3.950000000000000 0.300000000000000 -16.111435093479582 -212.753605070867764 -2820.719553554614777 -12437.267659412014837
39.500000000000000 7.316999999999999 0.393000000000000 3 0.390000000000000 3.960000000000000 0.301000000000000 -16.001357840965163 -440.136827356377637 -4600.470491770563058 -13320.171588590987085
40.500000000000000 7.306999999999999 0.407000000000000 2.990000000000000 0.390000000000000 4.060000000000000 0.300000000000000 -16.003744113279144 -384.287446032229298 -4378.404057540646136 -13208.358752096886747
40.500000000000000 7.337000000000000 0.351000000000000 2.980000000000000 0.410000000000000 3.980000000000000 0.308000000000000 -15.914377236144515 -422.385069472178429 -5176.653023878212480 -13616.261607828260821
42 7.247000000000000 0.341000000000000 2.670000000000000 0.690000000000000 3.960000000000000 0.322000000000000 -15.753827296668234 486.880170476641581 -3012.462720212679869 -12563.941413742888471
42 7.286999999999999 0.299000000000000 2.830000000000000 1.090000000000000 3.920000000000000 0.332000000000000 -15.824919525027816 -463.755980556277677 1032.602193296728501 -10536.625417828397985
41.500000000000000 7.396999999999999 0.500000000000000 2.970000000000000 0.590000000000000 3.950000000000000 0.300000000000000 -16.538084335694343 -1188.246552960166809 13781.434974617817716 -4121.863085204353411
40.630000000000003 7.239800000000000 0.395000000000000 2.975000000000000 0.450000000000000 3.940000000000000 0.302250000000000 -16.228312060589726 -455.090694282664344 -28.230553038341569 -11039.234708563868480
41.020000000000010 7.038200000000001 0.377000000000000 2.900000000000000 0.630000000000000 3.880000000000000 0.309000000000000 -16.256331315634636 42.878807948684340 838.135365941005148 -10623.083723791625744
41.630000000000003 7.219800000000000 0.333000000000000 2.945000000000000 0.530000000000000 3.910000000000000 0.305250000000000 -16.317243715939568 -543.915607449787331 1263.060263831833254 -10399.640159765764110
42 7.257000000000000 0.316000000000000 2.870000000000000 0.830000000000000 3.940000000000000 0.316000000000000 -16.110264357246425 -499.461402121930462 1256.963191587718484 -10412.254955287506164
40.630000000000003 7.139800000000000 0.392000000000000 3 0.420000000000000 3.910000000000000 0.307250000000000 -16.177297709781183 -221.897611790443165 -1064.141102238571420 -11565.081348184750823
40.630000000000003 7.239800000000000 0.345000000000000 2.975000000000000 0.450000000000000 3.940000000000000 0.302250000000000 -16.146657232934125 -429.010138072027701 -2922.931272136336702 -12487.726976439436839
39.630000000000003 7.219800000000000 0.394000000000000 2.995000000000000 0.440000000000000 3.930000000000000 0.300250000000000 -16.121716682165015 -341.857834980782627 -3169.379638275912384 -12607.573175159101083
40.630000000000003 7.249800000000000 0.395000000000000 2.965000000000000 0.250000000000000 3.940000000000000 0.303250000000000 -16.095316842223351 -221.478335513247771 -2621.444805103694762 -12339.157122072751008
40.630000000000003 7.209800000000000 0.394000000000000 2.995000000000000 0.440000000000000 4.040000000000000 0.300000000000000 -16.074516061903992 -275.157928114049241 -4216.298134469984689 -13130.754317445635024
40.630000000000003 7.329800000000000 0.397000000000000 3 0.480000000000000 3.970000000000000 0.310250000000000 -16.024583877323625 -563.389199801995801 -1167.683580569274682 -11611.335326070480733
41 7.316999999999999 0.323000000000000 2.850000000000000 1.060000000000000 3.950000000000000 0.326000000000000 -15.759235880201759 -438.219986273814243 -1271.810650815022655 -11681.484770846895117
