    0.00     0.00     0.00
    0.20     0.00     0.00
    0.40     0.00     0.00
    0.61     0.00     0.00
    0.81     0.00     0.00
    1.01    44.78    45.00
    1.21    44.78    45.00
    1.41    44.78    45.00
    1.62    44.78    45.00
    1.82    44.78    45.00
    2.02    55.22    58.26
    2.22    55.22    58.26
    2.42    55.22    58.26
    2.63    55.22    58.26
    2.83    55.22    58.26
    3.03    58.26    60.65
    3.23    58.26    60.65
    3.43    58.26    60.65
    3.64    58.26    60.65
    3.84    58.26    60.65
    4.04    61.74    63.04
    4.24    61.74    63.04
    4.44    61.74    63.04
    4.65    61.74    63.04
    4.85    61.74    63.04
    5.05    61.96    63.70
    5.25    61.96    63.70
    5.45    61.96    63.70
    5.66    61.96    63.70
    5.86    61.96    63.70
    6.06    62.39    63.91
    6.26    62.39    63.91
    6.46    62.39    63.91
    6.67    62.39    63.91
    6.87    62.39    63.91
    7.07    62.83    64.13
    7.27    62.83    64.13
    7.47    62.83    64.13
    7.68    62.83    64.13
    7.88    62.83    64.13
    8.08    63.04    64.13
    8.28    63.04    64.13
    8.48    63.04    64.13
    8.69    63.04    64.13
    8.89    63.04    64.13
    9.09    63.26    64.35
    9.29    63.26    64.35
    9.49    63.26    64.35
    9.70    63.26    64.35
    9.90    63.26    64.35
   10.10    63.48    64.35
   10.30    63.48    64.35
   10.51    63.48    64.35
   10.71    63.48    64.35
   10.91    63.48    64.35
   11.11    63.48    64.35
   11.31    63.48    64.35
   11.52    63.48    64.35
   11.72    63.48    64.35
   11.92    63.48    64.35
   12.12    64.35    64.35
   12.32    64.35    64.35
   12.53    64.35    64.35
   12.73    64.35    64.35
   12.93    64.35    64.35
   13.13    64.35    64.35
   13.33    64.35    64.35
   13.54    64.35    64.35
   13.74    64.35    64.35
   13.94    64.35    64.35
   14.14    64.35    64.35
   14.34    64.35    64.35
   14.55    64.35    64.35
   14.75    64.35    64.35
   14.95    64.35    64.35
   15.15    64.57    64.35
   15.35    64.57    64.35
   15.56    64.57    64.35
   15.76    64.57    64.35
   15.96    64.57    64.35
   16.16    64.57    64.57
   16.36    64.57    64.57
   16.57    64.57    64.57
   16.77    64.57    64.57
   16.97    64.57    64.57
   17.17    64.57    64.57
   17.37    64.57    64.57
   17.58    64.57    64.57
   17.78    64.57    64.57
   17.98    64.57    64.57
   18.18    64.57    64.57
   18.38    64.57    64.57
   18.59    64.57    64.57
   18.79    64.57    64.57
   18.99    64.57    64.57
   19.19    64.57    64.57
   19.39    64.57    64.57
   19.60    64.57    64.57
   19.80    64.57    64.57
   20.00    64.57    64.57
