    0.00     0.00     0.00
    0.20     0.00     0.00
    0.40     0.00     0.00
    0.61     0.00     0.00
    0.81     0.00     0.00
    1.01    31.30    30.00
    1.21    31.30    30.00
    1.41    31.30    30.00
    1.62    31.30    30.00
    1.82    31.30    30.00
    2.02    33.04    31.30
    2.22    33.04    31.30
    2.42    33.04    31.30
    2.63    33.04    31.30
    2.83    33.04    31.30
    3.03    33.48    31.52
    3.23    33.48    31.52
    3.43    33.48    31.52
    3.64    33.48    31.52
    3.84    33.48    31.52
    4.04    33.70    31.74
    4.24    33.70    31.74
    4.44    33.70    31.74
    4.65    33.70    31.74
    4.85    33.70    31.74
    5.05    33.70    31.74
    5.25    33.70    31.74
    5.45    33.70    31.74
    5.66    33.70    31.74
    5.86    33.70    31.74
    6.06    33.70    31.74
    6.26    33.70    31.74
    6.46    33.70    31.74
    6.67    33.70    31.74
    6.87    33.70    31.74
    7.07    33.70    31.74
    7.27    33.70    31.74
    7.47    33.70    31.74
    7.68    33.70    31.74
    7.88    33.70    31.74
    8.08    33.70    31.74
    8.28    33.70    31.74
    8.48    33.70    31.74
    8.69    33.70    31.74
    8.89    33.70    31.74
    9.09    33.70    31.74
    9.29    33.70    31.74
    9.49    33.70    31.74
    9.70    33.70    31.74
    9.90    33.70    31.74
   10.10    33.70    31.74
   10.30    33.70    31.74
   10.51    33.70    31.74
   10.71    33.70    31.74
   10.91    33.70    31.74
   11.11    33.70    31.74
   11.31    33.70    31.74
   11.52    33.70    31.74
   11.72    33.70    31.74
   11.92    33.70    31.74
   12.12    33.70    31.74
   12.32    33.70    31.74
   12.53    33.70    31.74
   12.73    33.70    31.74
   12.93    33.70    31.74
   13.13    33.70    31.74
   13.33    33.70    31.74
   13.54    33.70    31.74
   13.74    33.70    31.74
   13.94    33.70    31.74
   14.14    33.70    31.74
   14.34    33.70    31.74
   14.55    33.70    31.74
   14.75    33.70    31.74
   14.95    33.70    31.74
   15.15    33.70    31.74
   15.35    33.70    31.74
   15.56    33.70    31.74
   15.76    33.70    31.74
   15.96    33.70    31.74
   16.16    33.70    31.74
   16.36    33.70    31.74
   16.57    33.70    31.74
   16.77    33.70    31.74
   16.97    33.70    31.74
   17.17    33.70    31.74
   17.37    33.70    31.74
   17.58    33.70    31.74
   17.78    33.70    31.74
   17.98    33.70    31.74
   18.18    33.70    31.74
   18.38    33.70    31.74
   18.59    33.70    31.74
   18.79    33.70    31.74
   18.99    33.70    31.74
   19.19    33.70    31.74
   19.39    33.70    31.74
   19.60    33.70    31.74
   19.80    33.70    31.74
   20.00    33.70    31.74
