34.793999999999997 7.587000000000000 0.441000000000000 3 3 5 0.300000000000000 -13.092819580583134 -799.603857280178204 -24770.063713814768562 -23351.582644655092736
35.793999999999997 8.587000000000000 0.500000000000000 2 3 4 0.400000000000000 -11.814697742894895 188.646714789055693 1529.134661696282365 -10304.720095649792711
35.793999999999997 8.587000000000000 0.441000000000000 3 3 5 0.300000000000000 -13.185773755559808 -3491.563531520270317 -14697.419932531842278 -18269.942641644116520
38.793999999999997 11.587000000000000 0.441000000000000 3 3 5 0.300000000000000 -13.309964449363033 -12737.894792351349679 23374.009801607877307 906.713488758021526
38.793999999999997 11.587000000000000 0.500000000000000 -1 3 1.600000000000000 0.700000000000000 100000000000000000000.000000000000000 100000000000000000000.000000000000000 100000000000000000000.000000000000000 100000000000000000000.000000000000000
39.793999999999997 10.587000000000000 0.441000000000000 3 2 5 0.300000000000000 -14.211772283920077 -8778.700879269899815 7319.071789382586758 -7191.081288435699207
45 12 0.441000000000000 3 -1 5 0.300000000000000 -14.070486488003585 -9644.640807029796633 768.876049439835015 -10461.824239557923647
43.793999999999997 12 0.441000000000000 3 1 5 0.300000000000000 -14.930200011082396 -12836.644655137504742 25610.617917432537070 1995.537380372087000
40.793999999999997 11.587000000000000 0.441000000000000 3 2 5 0.300000000000000 -14.275490862638499 -12017.945860684150830 20976.674517200823175 -316.964232748128381
40.793999999999997 11.587000000000000 0.500000000000000 3 2 5 0.300000000000000 -14.187434252437962 -12247.770287483344873 25558.718196168974828 1978.962417739354578
42.793999999999997 12 0.441000000000000 3 3 5 0.300000000000000 -13.579368965931394 -16312.295799719649949 51560.342838142707478 15023.530922564856155
45 10.587000000000000 0.441000000000000 2 3 5 0.300000000000000 -12.934838050821222 -7253.327959156957149 34623.308788167312741 6406.783993591966464
45 7.587000000000000 0.441000000000000 3 1 5 0.300000000000000 -15.057904220160815 -546.095023293722761 -11012.525028651920366 -16501.765392389937915
45 6 0.441000000000000 3 -1 5 0.300000000000000 -13.516046889201634 5728.398475263622458 -39763.472372840318712 -30957.474188303858682
45 6 0.441000000000000 3 1 5 0.300000000000000 -15.040682702234870 3893.809416229511953 -24786.186258415480552 -23453.320654512073816
45 7.587000000000000 0.500000000000000 3 -1 5 0.300000000000000 -13.645450668697100 1900.388687826746491 -28306.983927954552200 -25167.877683435581275
45 7.587000000000000 0.341000000000000 3 -1 5 0.400000000000000 -11.646173044994654 4328.580663006147006 -41458.006654267417616 -31821.701204404696909
45 7.587000000000000 0.441000000000000 2 1 5 0.300000000000000 -13.869782773230597 3385.709915940791689 -19231.321010712330462 -20670.838943602226209
45 7.587000000000000 0.341000000000000 3 3 5 0.300000000000000 -14.477010414165646 -3094.790352485974381 1757.912749445025156 -10092.126701354693068
45 7.587000000000000 0.441000000000000 3 3 5 0.400000000000000 -12.311463362049086 36.386804269107316 -8460.143291427644726 -15284.858545199449509
45 7.587000000000000 0.441000000000000 3 2 5 0.300000000000000 -14.916013605416447 -1745.103160514158162 -1215.927649289451210 -11589.290471460082699
45 12 0.341000000000000 3 1 5 0.300000000000000 -15.124097261875431 -12868.720026174343730 23525.068295340981422 947.348111536740248
30 8 0.500000000000000 3 -1 5 0.400000000000000 -10.107167535842816 4775.034540914190984 -56771.331112906591443 -39464.465642815812316
30 12 0.500000000000000 3 3 4 0.300000000000000 -13.076911691230437 -11281.510039009157481 32330.896160204458283 5408.771813201889017
45 6.587000000000000 0.434000000000000 3 0 5 0.309000000000000 -14.353114998202903 3523.226496366093215 -29399.069988046147046 -25754.081433950363134
45 6.587000000000000 0.491000000000000 2.930000000000000 0 5 0.311000000000000 -14.230435298422321 4055.421945256557592 -28273.108110436034622 -25194.916423383434449
45 6.587000000000000 0.429000000000000 2.890000000000000 0 5 0.300000000000000 -14.480829326492319 3608.617989238471637 -29235.645941846414644 -25670.496470627993403
45 6.587000000000000 0.435000000000000 2.950000000000000 0 4.500000000000000 0.308000000000000 -15.280672071189239 2553.651869964372509 -17604.332221691434825 -19860.332681132847938
45 8.587000000000000 0.438000000000000 3 1 5 0.393000000000000 -13.060287941354595 -590.239634837026188 -16425.713361160225759 -19254.449784953270864
45 6 0.415000000000000 2.770000000000000 2 5 0.336000000000000 -13.997414144838544 4601.311557225151773 -24614.278290230227867 -23395.385850332575501
45 6.587000000000000 0.444000000000000 2.630000000000000 3 4.780000000000000 0.407000000000000 -12.318215131832185 3998.675709557504433 -14269.687946027001090 -18240.638809526088153
45 12 0.431000000000000 2.910000000000000 0 5 0.314000000000000 -14.439349866631918 -10415.798905159996139 10414.826972869319434 -5654.367237789728279
45 10.587000000000000 0.462000000000000 3 3 4.840000000000000 0.300000000000000 -14.070798778402578 -13332.273013389336484 58893.628960211055528 18624.688567572422471
30 6.587000000000000 0.431000000000000 2.860000000000000 3 5 0.301000000000000 -12.271456313078398 2537.353047213583523 -42935.027869598969119 -32488.268469128906872
45 6.587000000000000 0.437000000000000 3 1 5 0.300000000000000 -15.049731439647587 2247.162062262693780 -19934.045638397408766 -21003.542911315405945
45 6 0.445000000000000 3 1 4.830000000000000 0.302000000000000 -15.291510788395932 3604.043232962786533 -20986.568709255763679 -21555.649540789116145
45 6 0.433000000000000 2.800000000000000 1 5 0.300000000000000 -14.889078634594069 4477.002010087621784 -26379.394498035042488 -24259.656729362137412
45 9.587000000000000 0.429000000000000 2.930000000000000 3 5 0.380000000000000 -12.510629216154550 -6598.461942940205518 12416.999723233489931 -4765.605021149434833
45 7.587000000000000 0.441000000000000 2.990000000000000 0 5 0.300000000000000 -14.612361922613990 668.170769303903057 -20690.737810440848989 -21353.371426332181727
45 7.587000000000000 0.441000000000000 3 1 4.980000000000000 0.300000000000000 -15.093107089877154 -590.893185759842368 -10437.711078754200571 -16214.420687871788687
45 7.587000000000000 0.441000000000000 3.000000000000001 1 4.920000000000000 0.300000000000000 -15.199710221189243 -725.735855078731220 -8662.459052603780947 -15326.985813847633835
45 7.587000000000000 0.441000000000000 3.000000000000004 1 4.680000000000000 0.300000000000000 -15.641493714908549 -1272.737560822148680 -709.762326916196798 -11351.467959436093224
45 7.587000000000000 0.441000000000000 3.000000000000014 1 3.720000000000000 0.300000000000000 -17.666177441523192 -3685.000138980999509 54259.922417873924132 16129.132326793305765
45 7.587000000000000 0.441000000000000 3 1 3.680000000000000 0.300000000000000 -17.758132568670000 -3799.632917159277895 57914.254411567293573 17956.111480270730681
45 7.587000000000000 0.441000000000000 2.000000000000004 1 2.680000000000000 0.400000000000000 -16.593246050101019 -2087.147682364448428 169144.873278745537391 73446.484530480287503
40 7.587000000000000 0.441000000000000 3.000000000000004 1 2.680000000000000 0.300000000000000 -18.693091478924373 -5873.327552384587761 180819.028657930262852 79409.267659571371041
44 9.587000000000000 0.441000000000000 3.000000000000004 1 4.680000000000000 0.300000000000000 -15.527035427104947 -6751.869366663887376 16860.887452576807846 -2482.766773868539531
45 7.587000000000000 0.500000000000000 3.000000000000004 1 4.680000000000000 0.300000000000000 -15.595819513674327 -1196.527452393208932 2698.864180568120446 -9644.998955264447432
45 7.587000000000000 0.441000000000000 3.000000000000004 2 4.680000000000000 0.300000000000000 -15.453689934915205 -2484.030661346133456 10724.653718599029162 -5619.930172598104036
45 6.587000000000000 0.441000000000000 3 3 5 0.500000000000000 -10.909758270629897 5969.663181142432222 -26013.610695035691606 -24140.464073226390610
42 8.587000000000000 0.441000000000000 3 3 5 0.300000000000000 -13.906847094388109 -5281.457286168932114 8161.630568764931013 -6839.095972095742582
44 6 0.341000000000000 3.000000000000004 0 5 0.400000000000000 -12.405495080711161 7056.437842012134752 -44575.044994075593422 -33419.545390981977107
45 8.587000000000000 0.467000000000000 2.880000000000003 1.380000000000000 3.680000000000000 0.320000000000000 -16.962849067637983 -6518.541515294074998 81765.299824244924821 29900.395785015523870
45 6.587000000000000 0.466000000000000 2.880000000000003 0.560000000000000 3.680000000000000 0.320000000000000 -17.132324022974338 566.931016229687202 24877.606057475863054 1368.380783285764210
45 6.587000000000000 0.412000000000000 3 1.500000000000000 3.680000000000000 0.300000000000000 -17.672510666747478 -1335.995094802364747 43306.712079800410720 10616.329979623953477
45 7.587000000000000 0.491000000000000 3 2.880000000000000 5 0.402000000000000 -12.218432385245860 516.378716696685842 -6922.308836026246354 -14516.656999141931010
45 7.587000000000000 0.437000000000000 3 1.060000000000000 4.680000000000000 0.300000000000000 -15.649168208763342 -1348.422553840456203 -265.660798089807827 -11128.760598004064377
45 7.587000000000000 0.425000000000000 2.999999999999989 1.240000000000000 4.680000000000000 0.300000000000000 -15.660430175715209 -1575.259597374820032 1038.489980963381640 -10474.689361099359303
45 7.587000000000000 0.437000000000000 3 2.060000000000000 4.680000000000000 0.300000000000000 -15.430141443278849 -2561.771461124720645 11138.246877714018410 -5412.394224814542213
45 8.587000000000000 0.441000000000000 3 3 5 0.400000000000000 -12.254669962626314 -3122.291507164028644 805.447005939474025 -10618.638775283534414
45 7.587000000000000 0.337000000000000 3 1.060000000000000 4.680000000000000 0.400000000000000 -13.592509429905318 1084.849119987913127 -20071.836982058252033 -21115.594822648683476
45 7.587000000000000 0.337000000000000 2 1.060000000000000 4.680000000000000 0.300000000000000 -14.523833870441431 2252.564193435993275 -15008.597306849209417 -18562.619656656377629
43 7.587000000000000 0.337000000000000 3 1.060000000000000 4.680000000000000 0.300000000000000 -15.378045903700896 -1029.931785899090528 -12144.644867238477673 -17071.745085065096646
43 7.587000000000000 0.337000000000000 2 1.060000000000000 4.680000000000000 0.400000000000000 -12.410310380287543 4806.567115391779225 -31297.829224409746530 -26771.932918688147765
45 8.587000000000000 0.437000000000000 3 1.060000000000000 4.680000000000000 0.300000000000000 -15.653651864492456 -4229.752094166454299 10568.037826062110980 -5670.371757010843794
45 7.587000000000000 0.437000000000000 3 1.060000000000000 5 0.300000000000000 -15.068330962746355 -624.078794869076205 -10631.064726873377367 -16310.398755509128023
45 6.587000000000000 0.441000000000000 3 2 5 0.400000000000000 -12.845982595113160 4193.516949292003119 -24229.344333079116041 -23212.282078257259855
45 6.587000000000000 0.500000000000000 3 0.060000000000000 3.680000000000000 0.300000000000000 -17.526051689060669 235.803589367176784 25732.381269141333178 1814.072831566241348
45 7.747000000000000 0.421000000000000 3 1.560000000000000 4.730000000000000 0.327000000000000 -14.891367140595989 -1554.063746359735433 -1185.005930825516771 -11603.338651085001402
45 7.287000000000000 0.468000000000000 2.890000000000000 1.390000000000000 4.590000000000000 0.300000000000000 -15.700235791732819 -611.011396126075056 4405.974270541397345 -8806.420913966043372
45 7.547000000000000 0.441000000000000 3 1.100000000000000 4.670000000000000 0.300000000000000 -15.668061190485231 -1300.727624953782424 359.603999936198591 -10817.135866820786759
45 7.427000000000000 0.453000000000000 3 1.220000000000000 4.640000000000000 0.300000000000000 -15.717528558521817 -1151.812019236559536 2247.394733139404707 -9876.274420813939287
44 7.587000000000000 0.337000000000000 3 1.060000000000000 4.680000000000000 0.300000000000000 -15.517720683202235 -1211.317911120715735 -9154.008492507251503 -15576.384419558569789
45 6.587000000000000 0.337000000000000 3 1.060000000000000 5 0.300000000000000 -15.077659403865566 1913.453998965880601 -23741.596268423319998 -22909.861235712665803
44 7.547000000000000 0.500000000000000 3 1.100000000000000 4.670000000000000 0.300000000000000 -15.498974726021563 -1044.653002461544474 312.897332307621014 -10838.174805794717031
45 7.587000000000000 0.437000000000000 2 1.060000000000000 4.680000000000000 0.300000000000000 -14.430102157707609 2578.764420128844449 -9784.049994026474451 -15947.177120372223726
45 7.587000000000000 0.437000000000000 3 1.060000000000000 4.680000000000000 0.400000000000000 -13.508003556967289 1418.416678582271516 -15451.123775484902581 -18802.869753461302025
45 7.547000000000000 0.341000000000000 3 1.100000000000000 4.670000000000000 0.300000000000000 -15.678859166340876 -1354.649505210588131 -5501.139029206789019 -13750.946788430881497
45 7.547000000000000 0.280000000000000 3 1.100000000000000 4.670000000000000 0.300000000000000 -15.633651575489695 -1340.682725802849063 -9047.020832000604059 -15525.739474741007143
45 6.547000000000000 0.500000000000000 3 2.100000000000000 4.670000000000000 0.300000000000000 -15.375472185110837 690.580511195904592 3210.962155734940097 -9417.990343663817839
44 7.547000000000000 0.341000000000000 3 1.100000000000000 4.670000000000000 0.300000000000000 -15.543389063077653 -1172.961316640154791 -8600.611064581211394 -15300.710797330310015
45 8.547000000000001 0.341000000000000 3 2.100000000000000 4.670000000000000 0.400000000000000 -13.486157231969747 -2944.336648298889486 -2464.030977345079464 -12271.222067885732031
45 8.547000000000001 0.341000000000000 3 0.100000000000000 4.670000000000000 0.300000000000000 -15.312546215552526 -2742.412229203827337 -6767.262979333421754 -14356.115687241499472
45 8.547000000000001 0.341000000000000 2 2.100000000000000 4.670000000000000 0.300000000000000 -14.433661629573781 -1358.526068654518212 6218.759625666670217 -7899.150498940711259
45 7.547000000000000 0.341000000000000 3 1.100000000000000 5 0.300000000000000 -15.100087550658552 -673.789787054834960 -15415.296430162188699 -18707.228985146080959
45 8.547000000000001 0.341000000000000 3 0.100000000000000 4.670000000000000 0.400000000000000 -13.254907307893697 -231.050207281981642 -20808.806996882558451 -21464.430775347937015
44 8.547000000000001 0.341000000000000 3 0.100000000000000 4.670000000000000 0.300000000000000 -15.169735485082803 -2523.856232707553318 -9858.311446588042600 -15901.675550068268421
45 6 0.500000000000000 2 1.100000000000000 3.670000000000000 0.300000000000000 -16.375739095523617 4165.541612004272793 19558.862803613417782 -1330.566621272980001
44.950000000000003 7.507000000000000 0.280000000000000 2.970000000000000 1.110000000000000 4.690000000000000 0.300000000000000 -15.575461313395524 -1095.575612229983562 -10368.769239961831772 -16189.841864651210926
45 7.316999999999999 0.500000000000000 2.690000000000000 1.400000000000000 5 0.300000000000000 -14.732150943813076 1128.108860540531623 -9152.854100446998928 -15593.174515128732310
45 7.047000000000000 0.341000000000000 2.640000000000000 1.220000000000000 5 0.300000000000000 -14.838773679336558 1749.033722481177620 -21149.403497417435574 -21613.081293357688992
44.500000000000000 7.967000000000000 0.341000000000000 2.750000000000000 1.190000000000000 4.900000000000000 0.300000000000000 -15.045618984920077 -1073.469527752382646 -11682.940441288441434 -16838.545282178147318
44.689999999999998 7.337000000000000 0.341000000000000 3 1.150000000000000 4.810000000000000 0.300000000000000 -15.392332221757220 -505.092962515051738 -12350.556161176553360 -17183.263658943691553
45 7.606999999999999 0.341000000000000 3 1.600000000000000 4.630000000000000 0.303000000000000 -15.669468638235131 -2133.743327648067407 1097.776223496023476 -10445.809447491614264
45 7.737000000000000 0.341000000000000 3 1.050000000000000 5 0.309000000000000 -14.877161564767716 -875.095140942279045 -15741.712562647488085 -18872.879402898568515
44.810000000000002 7.417000000000000 0.341000000000000 2.910000000000000 1.130000000000000 4.760000000000000 0.350000000000000 -14.325137969454470 781.165240124786237 -18213.360425196202414 -20161.232403667778271
44.829999999999998 7.777000000000000 0.341000000000000 3 0.800000000000000 4.170000000000000 0.330000000000000 -15.892329305624385 -1993.910628649957744 7303.862104457166424 -7374.273662808187510
45 7.766999999999999 0.441000000000000 3 0.350000000000000 3.400000000000000 0.300000000000000 -18.468123804705549 -4371.625908089543373 77482.714703418954741 27737.277936041980865
45 7.547000000000000 0.291000000000000 3 1.050000000000000 4.640000000000000 0.300000000000000 -15.689204440002065 -1346.311710680471833 -7902.650471401510003 -14953.907334980500309
44.999999999999986 7.547000000000000 0.280000000000000 3.000000000000001 0.900000000000000 4.550000000000000 0.300000000000000 -15.803486943266561 -1342.288685380175366 -6968.906226451522343 -14489.313253815946155
44.999999999999950 7.547000000000000 0.280000000000000 3.000000000000004 0.300000000000000 4.190000000000000 0.300000000000000 -16.249199225033244 -1375.628081874291638 436.560618392215133 -10794.227621759486283
45 7.447000000000000 0.280000000000000 2.940000000000001 -0.100000000000000 4.550000000000000 0.300000000000000 -15.167832795567502 285.362029934780196 -18100.789484794360760 -20073.158427158141421
44.929999999999986 7.737000000000000 0.380000000000000 3 0.900000000000000 3.550000000000000 0.302000000000000 -17.974587618709521 -4355.184710689624808 64277.221021296172694 21138.818385311402380
44.840000000000003 7.337000000000000 0.500000000000000 3 1.100000000000000 5 0.305000000000000 -14.862008742251994 373.283650515748263 -10754.206962120659227 -16384.464608797839901
45 7.757000000000000 0.341000000000000 2.500000000000000 1.100000000000000 3.670000000000000 0.300000000000000 -17.229533695551162 -2419.656916661038849 45694.002332089548872 11823.457975502462432
44.499999999999986 7.387000000000000 0.280000000000000 2.900000000000001 0.900000000000000 4.550000000000000 0.300000000000000 -15.663532179167913 -503.812922413323406 -10905.841290766469683 -16470.030212794263207
45 7.717000000000000 0.280000000000000 2.670000000000001 0.900000000000000 4.550000000000000 0.300000000000000 -15.565978343324785 -611.362175148224878 -8387.033337881779516 -15211.383446469069895
44.819999999999986 8.047000000000001 0.280000000000000 3 0.900000000000000 4.550000000000000 0.306000000000000 -15.652278060361766 -2468.330417143484283 -3784.895312512628152 -12883.742340240738486
45 7.217000000000000 0.280000000000000 3 0.900000000000000 4.550000000000000 0.300000000000000 -15.793227896890484 -486.976725946372653 -10186.445980886695907 -16111.367987819397968
45 7.497000000000000 0.280000000000000 2.970000000000001 0.900000000000000 4.550000000000000 0.350000000000000 -14.699320538547038 42.425761432267869 -15578.400111759661741 -18842.474631028300792
45 7.337000000000000 0.500000000000000 2.590000000000001 1.900000000000000 5 0.300000000000000 -14.504837957789706 889.139988668736919 -4750.344844393228414 -13389.424410349176469
45 7.417000000000000 0.341000000000000 3 1.430000000000000 4.660000000000000 0.320000000000000 -15.241619882265470 -902.752485532400783 -6845.968967029388295 -14444.546913747550207
45 7.577000000000000 0.280000000000000 2.850000000000001 0.600000000000000 4.470000000000000 0.320000000000000 -15.287193930308487 -241.731691893707989 -11762.895932225837896 -16916.721508547889243
45 7.547000000000000 0.280000000000000 3 0.880000000000000 4.550000000000000 0.300000000000000 -15.797530016468986 -1318.352021137205156 -7166.901768548410473 -14588.545032045538392
44.979999999999983 7.516999999999999 0.280000000000000 3 0.400000000000000 4.649999999999999 0.305000000000000 -15.274204534969156 -351.510689755786700 -16072.761378318538846 -19052.806681441594264
44.989999999999988 7.516999999999999 0.280000000000000 2.830000000000001 0.480000000000000 4.630000000000000 0.300000000000000 -15.356723536792117 -17.633362316914315 -15389.369065900504211 -18715.321774707943405
44.999999999999986 7.547000000000000 0.280000000000000 3 0.840000000000000 4.050000000000000 0.300000000000000 -16.776059639550969 -2334.919593969477319 13896.511312064392769 -4058.480289762442226
44.999999999999986 7.747000000000000 0.280000000000000 3 0.850000000000000 4.560000000000000 0.300000000000000 -15.776271712611099 -1781.388553434461301 -5857.928260604540810 -13926.325684470821216
44.999999999999986 7.537000000000000 0.380000000000000 3 0.790000000000000 4.569999999999999 0.300000000000000 -15.816709308268889 -1167.605482091290924 -3100.730207575041277 -12554.074678015560494
44.999999999999986 7.507000000000000 0.500000000000000 2.999999999999997 0.460000000000000 4.630000000000000 0.300000000000000 -15.566257071334830 -448.602628450898123 -2794.539592672716481 -12402.243560498860461
44.500000000000000 7.157000000000000 0.500000000000000 3 2.100000000000000 4.670000000000000 0.316000000000000 -14.905210315166750 -636.773470936167882 5534.986734517946388 -8245.874267858675012
44.979999999999983 7.556999999999999 0.380000000000000 2.990000000000000 -0.210000000000000 4.569999999999999 0.300000000000000 -15.226520576852135 -8.528469795113287 -13929.645677793518189 -17979.250872944707226
44.999999999999986 7.537000000000000 0.500000000000000 3 0.790000000000000 4.569999999999999 0.300000000000000 -15.785400144702610 -1069.804516093002348 3840.706557649986735 -9079.475697395386305
44.909999999999982 7.627000000000000 0.380000000000000 2.960000000000000 0.790000000000000 5 0.300000000000000 -14.993795182191333 -322.927848814275308 -16153.821764692949728 -19078.117687724912685
45 7.277000000000000 0.380000000000000 3 0.790000000000000 4.569999999999999 0.300000000000000 -15.809736038827717 -458.797485558934909 -5778.371416123189192 -13903.404196115252489
44.869999999999983 7.037000000000000 0.380000000000000 3 0.790000000000000 4.569999999999999 0.326000000000000 -15.170571772441045 879.626908411687964 -12924.751804083312891 -17509.888055862193141
45 7.317000000000000 0.380000000000000 2.500000000000000 0.790000000000000 4.569999999999999 0.311000000000000 -15.080730952317218 1536.287288597549605 -11929.538395171541197 -17015.902688707617926
44.499999999999986 7.397000000000000 0.380000000000000 2.770000000000000 0.790000000000000 4.569999999999999 0.300000000000000 -15.561997550333796 135.158777674570103 -8262.404194037086199 -15153.923574528742392
45 7.936999999999999 0.280000000000000 2.610000000000000 0.100000000000000 4.670000000000000 0.300000000000000 -14.848825847502459 307.800863510808199 -18637.791107572316832 -20341.386226607071876
45 8.547000000000001 0.280000000000000 3 1.790000000000000 3.569999999999999 0.344000000000000 -16.506003697943363 -7094.381152871972517 73088.768657971173525 25546.474135997024860
44.969999999999985 7.587000000000000 0.480000000000000 2.990000000000000 0.710000000000000 4.560000000000000 0.309000000000000 -15.561635751299962 -861.966961390896245 571.822603076095788 -10723.645349806300146
45 7.487000000000000 0.380000000000000 3 0.290000000000000 4.579999999999999 0.300000000000000 -15.578446424880463 -424.559187719619274 -9374.141536423083380 -15698.523300915188884
44.989999999999988 7.547000000000000 0.380000000000000 3 0.770000000000000 4.569999999999999 0.303000000000000 -15.735728362911415 -1090.789612790431192 -3836.640347637295235 -12925.027277501287244
45 7.577000000000000 0.380000000000000 2.990000000000000 0.730000000000000 4.560000000000000 0.308000000000000 -15.616457749343082 -980.824964892104958 -4625.921035628771278 -13324.702479765208409
44.899999999999999 7.537000000000000 0.441000000000000 2.800000000000000 1.410000000000000 4.300000000000000 0.300000000000000 -16.185227790440603 -1717.986623271772942 17705.240238182377652 -2153.520012573441818
44.939999999999984 7.357000000000000 0.380000000000000 2.980000000000000 0.630000000000000 4.539999999999999 0.320000000000000 -15.315328516526455 40.295967606086016 -9540.666828130923022 -15803.659011391815511
44.899999999999984 7.737000000000000 0.280000000000000 2.960000000000000 0.500000000000000 4.520000000000000 0.307000000000000 -15.503534113761331 -1085.450247549490086 -10053.956964396902549 -16038.569897931718515
44.999999999999986 7.547000000000000 0.380000000000000 3 0.780000000000000 5 0.301000000000000 -15.001922050191462 -232.691594450972389 -16504.434431597244838 -19255.410177534031391
45 7.556999999999999 0.441000000000000 3 0.790000000000000 5 0.311000000000000 -14.739536532519312 122.563819884386419 -15107.490887427398775 -18564.525773878413020
44.969999999999985 7.457000000000000 0.380000000000000 2.870000000000000 1.910000000000000 4.159999999999999 0.300000000000000 -16.388703039563346 -2746.688118680391653 27485.593869972537505 2742.268078906369283
45 7.537000000000000 0.378000000000000 3 0.590000000000000 4.589999999999999 0.300000000000000 -15.708896033237764 -887.832370193562838 -6101.391833592349030 -14056.793013962698751
45 7.556999999999999 0.461000000000000 3 1.300000000000000 4.640000000000000 0.307000000000000 -15.528643102429236 -1413.723088045815985 3629.309311584659099 -9186.018741079435131
45 7.537000000000000 0.430000000000000 3 0.800000000000000 4.600000000000000 0.300000000000000 -15.763783917209800 -1086.938313347605572 -1218.825934016098927 -11611.316961015700144
44.929999999999986 7.537000000000000 0.390000000000000 2.970000000000000 0.760000000000000 4.770000000000000 0.308000000000000 -15.206066450906089 -346.722955172051854 -11441.957836902205599 -16734.086672686265956
44.959999999999987 7.537000000000000 0.385000000000000 3 0.770000000000000 4.520000000000000 0.304000000000000 -15.805602501140521 -1141.912818357727247 -2117.351649341800567 -12066.845000351668205
44.899999999999984 7.537000000000000 0.395000000000000 2.950000000000000 0.740000000000000 4.430000000000000 0.300000000000000 -16.033019758638030 -1210.348693704695961 1726.956812004566700 -10143.851950437030609
45 7.537000000000000 0.394000000000000 2.960000000000000 0.750000000000000 4.440000000000000 0.310000000000000 -15.791647051321901 -997.946595474933247 -202.965662707536666 -11118.309530517048188
44.999999999999986 7.437000000000000 0.380000000000000 3 0.790000000000000 4.569999999999999 0.300000000000000 -15.814038705081336 -894.615337144658838 -4134.041564596933313 -13074.776218623521345
44.909999999999997 7.537000000000000 0.421000000000000 2.900000000000000 0.900000000000000 4.700000000000000 0.300000000000000 -15.509486523290326 -584.948493207105798 -5383.957298668195108 -13698.480978411214892
45 7.637000000000000 0.288000000000000 3 1.120000000000000 4.649999999999999 0.300000000000000 -15.682709236198621 -1646.262782261199391 -6869.025371679911586 -14432.643155612260671
45 7.556999999999999 0.386000000000000 3 0.740000000000000 4.539999999999999 0.301230000000000 -15.832398352971339 -1195.611315346750871 -2247.574889475488817 -12128.525166085486489
45.000000000000043 7.617000000000000 0.404000000000000 3.000000000000001 0.590000000000000 4.449999999999999 0.304920000000000 NaN NaN NaN NaN
