100 100 300 0 1232680 -0.460000000000000 -3.388000000000000 -111801000
100.917183397018633 100.648223688551283 306.247708447968535 0.609837285149805 
100.715992263204413 100.758262154691920 298.648362478755473 0.741450488099235 
99.207085776524877 99.383864346431537 302.371080737884881 -0.799412615556133 
100.182692273842335 99.299387323045025 294.473016861857161 0.049661905086521 
99.173996413201564 100.246276603740242 305.176618374794884 0.212696970798238 
99.989251690033655 99.045593298624169 307.910297204831238 0.114128025971848 
100.158432260256362 100.591493343984126 297.701148676793366 -0.006931858965413 
99.026087050715475 99.949135435155853 305.796118468785664 0.722736347167924 
99.806903019830798 99.603973174921236 291.466322001425169 -0.757645173310685
99.237246010684700 100.825862357809171 298.682443227554302 0.055608947763129 
100.295986160200556 99.655555854350695 304.565017806530250 -0.345663343659524 
100.777986223672983 99.332393699620013 292.564525408685313 -0.797965650052756 
100.046913735248367 100.999781426775684 295.482608111049672 -0.575251520514780 
100.238412780206275 99.967280601600024 309.943479182269300 0.256725987043401
99.003430230716106 100.347050928164052 294.298003415856044 -0.390894239890132 
99.734053358206538 100.274351197241415 298.135907725900381 -0.084634753658584 
99.327819926336829 99.505166710805426 304.777526821656522 0.241670553873216 
100.875066961802787 99.077367688878297 296.404252014696681 -0.180640489324611 
99.415902151850958 99.140263576994244 304.360990040838033 -0.771297891523060 
99.723017293514914 100.264557575289757 296.762498294353122 -0.892107460964030 
99.130060274231255 99.894763011085985 291.578346738218897 -0.185762002259438 
100.069042696456663 100.853276356994940 307.698375533683759 0.221443451814224
100.993510918397803 100.367003378297440 297.128910227289623 -0.865917853880189 
100.486648572342162 99.729195552542151 299.829730750445663 -0.623979553901120 
100.465393097502044 99.616911708703014 291.783889412955375 -0.123831738647500 
99.631455055711669 100.151736530519955 308.667785978258507 -0.590786047671173 
100.063783996795721 100.357923455721220 299.947628763385012 -0.315393576505453 
100.259984500586512 100.586262556250261 290.307965573027730 0.397341713246736 
100.471697392729041 100.452402418597231 305.496554617135928 0.424050490603328 
99.529082071575587 100.051506633048760 301.460872612847197 -0.857842796201315
99.360904704289254 100.162615349215599 305.077815785398172 -0.524166174661407 
99.498242921528004 100.306244948742503 293.825521118381403 -0.187028373843764 
99.659086770497979 99.993348059996805 303.319848693581264 -0.289853071273736 
100.382004173842731 100.725802494140765 293.218374515212702 -0.460038185460968
100.895198016987464 100.394430172753616 305.038647863855260 0.817175100015750 
99.714403144419293 100.232426544924834 291.322341229701976 -0.087518869161960 
100.617889948732198 100.965867493316040 295.739025188004348 -0.646953999030626 
99.788741419858468 100.477261208857243 309.847217148604614 0.986010544945954 
100.093012921904446 100.451929732443745 307.397944280160118 -0.439610416259060 
100.500479637366368 99.812233222907935 298.176046474677548 0.618855165215874 
100.987384677531523 99.975581700262978 299.927422806715470 -0.901777917289123 
100.843688035516465 100.839665077791935 297.634951248428536 -0.742710559584831 
100.601690654125463 100.589720448719731 306.906699896009343 0.026687957121219 
100.988412869892173 100.290834217628657 307.176269116186575 0.674811674855838 
100.692133804706415 100.899990629960783 306.049459761346100 -0.701179492554436 
99.892661237593899 100.096334235826589 302.694538924869732 0.095629486229184 
99.035863722993966 99.496271356535203 300.776783680379594 -0.926575706186373
99.526388264753479 99.210479790930279 292.016352919823589 0.210547334504907
100.118349645189554 100.134840185002147 294.673465849178228 0.062199635655666 
100.056137665614983 99.511174355664565 293.396341285579012 -0.457840567789003 
100.657012203571156 99.576285524775813 294.853840214934621 0.689007265163354
100.573419966584396 100.754768325899434 299.163981974889509 0.340998149830149 
100.952788069525454 99.067638964936052 300.494110118912999 0.190453014191346
99.494235998266902 100.237369970926864 302.031837421523392 0.725399794413103 
99.282455134766749 99.819932576091020 302.860565278050615 0.514720960640982 
99.146079160084966 99.436523171447334 307.333488861637534 0.758917981808288 
99.923563827110357 100.417534613315837 302.662769923294604 0.777649587836966 
100.553852366672800 99.063735099079025 305.234792498344291 0.700352006089024 
100.753415421806139 99.698540234212430 293.794499390319572 0.170042231984912 
100.035946778523254 99.596078923276181 307.671369094595150 -0.024858720021988 
100.519338349262100 99.089822811447505 299.746127346387652 0.644995019296416
100.393780536072740 100.238839329802630 306.350543438105490 -0.410682570724441
100.364538971928539 99.987705794536907 296.922292859857521 0.634869890666769 
100.730761308357756 100.528302016139094 303.385504893415032 -0.686929909925193 
99.083233800143290 100.621197376653825 306.069845079479251 -0.715157725315811
100.309219641350495 99.191504557832488 292.343314017183900 -0.845927975294629 
99.758582943054051 99.631174036155258 296.838597025950094 0.559279465544801 
99.974463157797345 99.991733333839974 307.799678385723325 -0.413788621245834 
99.929722241073776 99.265918472402717 302.481888902094681 0.920154755945819
100.388338449278919 99.424510204717635 309.894551298621707 0.975323756131186 
99.371348574278727 100.228488512686567 308.474354656500338 -0.702471177039312 
100.284025215309114 100.823756801372340 302.462538918108351 0.872029216103728 
99.575000503880204 100.970726480173582 300.403209725069644 0.470085152452366 
100.504173162024514 99.650062783939774 306.002595490646229 -0.823302772810520 
100.194859795157527 100.650942961239480 301.085441363538962 -0.147203935411573 
100.439295611218853 99.708405189910067 300.995684463250370 -0.688199925697455 
99.191735722687028 100.486619955032737 296.969063725375804 0.370258181434650
100.809184350286884 99.593644681292034 291.915826758890375 0.072680510838675 
99.638961038605075 100.361226725704327 302.101586904395731 -0.492458280273820
99.859584649725718 99.246930857931019 306.274847597283042 -0.016926000261895
99.780746422882359 100.374067030683648 295.506984746620731 0.579127473945061 
99.536042661670606 99.391536883436501 305.146066591647923 0.749487481524117 
99.070082335138707 100.577465258234056 309.751971677325685 0.445457375709772
100.051636723921078 100.057630487845188 308.429383492588386 0.732950158927811
99.511967052455518 100.507575658314295 301.113778390333493 0.989829797097442 
99.991639750524811 100.929853193396198 292.945892144754964 0.908801653214451
99.312853008848819 99.658533429112879 304.069123698242265 -0.054017759705898
99.144323106719256 99.172033580693423 309.616845029466049 0.179224517948279
100.469734622118466 100.871272317127620 299.784300692841498 -0.855846655093563 
100.191083575008690 99.109454047783146 304.784219763973795 0.581333220806283 
99.278732862181670 99.059815375277736 309.027700549710460 0.430298308309237
100.139996350005262 100.961960130135054 295.120589495799663 0.696007029858885 
99.502421829234436 99.857259306520987 294.123030084050981 -0.430709875830149 
100.442140349694100 100.680435349925986 306.632617381911871 0.004660024570921 
99.449723598746047 100.862910541783762 300.639212610968229 -0.516208759089980 
100.108021926929709 99.643532247913896 302.166614110257171 0.810751784848690 
99.692705929259006 99.170019063188704 300.015520632438268 -0.705061099454076 
99.323830800759566 99.392443002861569 302.620037526446424 0.184735972318038 
99.971340799929422 100.358781622505461 301.484036792536301 -0.466294960557086 
