    0.00     0.00     0.00
    0.20     0.00     0.00
    0.40     0.00     0.00
    0.61     0.00     0.00
    0.81     0.00     0.00
    1.01    51.09    49.13
    1.21    51.09    49.13
    1.41    51.09    49.13
    1.62    51.09    49.13
    1.82    51.09    49.13
    2.02    64.13    61.96
    2.22    64.13    61.96
    2.42    64.13    61.96
    2.63    64.13    61.96
    2.83    64.13    61.96
    3.03    66.09    66.96
    3.23    66.09    66.96
    3.43    66.09    66.96
    3.64    66.09    66.96
    3.84    66.09    66.96
    4.04    68.70    69.35
    4.24    68.70    69.35
    4.44    68.70    69.35
    4.65    68.70    69.35
    4.85    68.70    69.35
    5.05    69.57    70.43
    5.25    69.57    70.43
    5.45    69.57    70.43
    5.66    69.57    70.43
    5.86    69.57    70.43
    6.06    71.09    71.09
    6.26    71.09    71.09
    6.46    71.09    71.09
    6.67    71.09    71.09
    6.87    71.09    71.09
    7.07    71.74    72.17
    7.27    71.74    72.17
    7.47    71.74    72.17
    7.68    71.74    72.17
    7.88    71.74    72.17
    8.08    71.96    72.39
    8.28    71.96    72.39
    8.48    71.96    72.39
    8.69    71.96    72.39
    8.89    71.96    72.39
    9.09    72.83    72.83
    9.29    72.83    72.83
    9.49    72.83    72.83
    9.70    72.83    72.83
    9.90    72.83    72.83
   10.10    73.26    74.13
   10.30    73.26    74.13
   10.51    73.26    74.13
   10.71    73.26    74.13
   10.91    73.26    74.13
   11.11    73.91    74.35
   11.31    73.91    74.35
   11.52    73.91    74.35
   11.72    73.91    74.35
   11.92    73.91    74.35
   12.12    74.35    74.57
   12.32    74.35    74.57
   12.53    74.35    74.57
   12.73    74.35    74.57
   12.93    74.35    74.57
   13.13    74.57    75.00
   13.33    74.57    75.00
   13.54    74.57    75.00
   13.74    74.57    75.00
   13.94    74.57    75.00
   14.14    75.22    75.22
   14.34    75.22    75.22
   14.55    75.22    75.22
   14.75    75.22    75.22
   14.95    75.22    75.22
   15.15    75.22    75.22
   15.35    75.22    75.22
   15.56    75.22    75.22
   15.76    75.22    75.22
   15.96    75.22    75.22
   16.16    75.22    75.22
   16.36    75.22    75.22
   16.57    75.22    75.22
   16.77    75.22    75.22
   16.97    75.22    75.22
   17.17    75.43    75.22
   17.37    75.43    75.22
   17.58    75.43    75.22
   17.78    75.43    75.22
   17.98    75.43    75.22
   18.18    75.65    75.43
   18.38    75.65    75.43
   18.59    75.65    75.43
   18.79    75.65    75.43
   18.99    75.65    75.43
   19.19    76.09    75.43
   19.39    76.09    75.43
   19.60    76.09    75.43
   19.80    76.09    75.43
   20.00    76.09    75.43
