    0.00     0.00     0.00
    0.20     0.00     0.00
    0.40     0.00     0.00
    0.61     0.00     0.00
    0.81     0.00     0.00
    1.01    41.96    41.30
    1.21    41.96    41.30
    1.41    41.96    41.30
    1.62    41.96    41.30
    1.82    41.96    41.30
    2.02    46.96    47.39
    2.22    46.96    47.39
    2.42    46.96    47.39
    2.63    46.96    47.39
    2.83    46.96    47.39
    3.03    48.26    48.48
    3.23    48.26    48.48
    3.43    48.26    48.48
    3.64    48.26    48.48
    3.84    48.26    48.48
    4.04    48.91    49.35
    4.24    48.91    49.35
    4.44    48.91    49.35
    4.65    48.91    49.35
    4.85    48.91    49.35
    5.05    49.35    50.43
    5.25    49.35    50.43
    5.45    49.35    50.43
    5.66    49.35    50.43
    5.86    49.35    50.43
    6.06    49.35    51.09
    6.26    49.35    51.09
    6.46    49.35    51.09
    6.67    49.35    51.09
    6.87    49.35    51.09
    7.07    49.35    51.52
    7.27    49.35    51.52
    7.47    49.35    51.52
    7.68    49.35    51.52
    7.88    49.35    51.52
    8.08    49.35    51.52
    8.28    49.35    51.52
    8.48    49.35    51.52
    8.69    49.35    51.52
    8.89    49.35    51.52
    9.09    49.35    51.52
    9.29    49.35    51.52
    9.49    49.35    51.52
    9.70    49.35    51.52
    9.90    49.35    51.52
   10.10    49.35    51.74
   10.30    49.35    51.74
   10.51    49.35    51.74
   10.71    49.35    51.74
   10.91    49.35    51.74
   11.11    49.35    51.74
   11.31    49.35    51.74
   11.52    49.35    51.74
   11.72    49.35    51.74
   11.92    49.35    51.74
   12.12    49.35    51.74
   12.32    49.35    51.74
   12.53    49.35    51.74
   12.73    49.35    51.74
   12.93    49.35    51.74
   13.13    49.35    51.96
   13.33    49.35    51.96
   13.54    49.35    51.96
   13.74    49.35    51.96
   13.94    49.35    51.96
   14.14    49.35    51.96
   14.34    49.35    51.96
   14.55    49.35    51.96
   14.75    49.35    51.96
   14.95    49.35    51.96
   15.15    49.35    51.96
   15.35    49.35    51.96
   15.56    49.35    51.96
   15.76    49.35    51.96
   15.96    49.35    51.96
   16.16    49.35    51.96
   16.36    49.35    51.96
   16.57    49.35    51.96
   16.77    49.35    51.96
   16.97    49.35    51.96
   17.17    49.35    51.96
   17.37    49.35    51.96
   17.58    49.35    51.96
   17.78    49.35    51.96
   17.98    49.35    51.96
   18.18    49.35    51.96
   18.38    49.35    51.96
   18.59    49.35    51.96
   18.79    49.35    51.96
   18.99    49.35    51.96
   19.19    49.78    51.96
   19.39    49.78    51.96
   19.60    49.78    51.96
   19.80    49.78    51.96
   20.00    49.78    51.96
