    0.00     0.00     0.00
    0.20     0.00     0.00
    0.40     0.00     0.00
    0.61     0.00     0.00
    0.81     0.00     0.00
    1.01    35.87    33.70
    1.21    35.87    33.70
    1.41    35.87    33.70
    1.62    35.87    33.70
    1.82    35.87    33.70
    2.02    39.57    39.35
    2.22    39.57    39.35
    2.42    39.57    39.35
    2.63    39.57    39.35
    2.83    39.57    39.35
    3.03    40.43    39.78
    3.23    40.43    39.78
    3.43    40.43    39.78
    3.64    40.43    39.78
    3.84    40.43    39.78
    4.04    40.43    40.00
    4.24    40.43    40.00
    4.44    40.43    40.00
    4.65    40.43    40.00
    4.85    40.43    40.00
    5.05    40.65    40.22
    5.25    40.65    40.22
    5.45    40.65    40.22
    5.66    40.65    40.22
    5.86    40.65    40.22
    6.06    40.65    40.22
    6.26    40.65    40.22
    6.46    40.65    40.22
    6.67    40.65    40.22
    6.87    40.65    40.22
    7.07    40.65    40.43
    7.27    40.65    40.43
    7.47    40.65    40.43
    7.68    40.65    40.43
    7.88    40.65    40.43
    8.08    40.65    40.65
    8.28    40.65    40.65
    8.48    40.65    40.65
    8.69    40.65    40.65
    8.89    40.65    40.65
    9.09    40.65    40.65
    9.29    40.65    40.65
    9.49    40.65    40.65
    9.70    40.65    40.65
    9.90    40.65    40.65
   10.10    40.65    40.65
   10.30    40.65    40.65
   10.51    40.65    40.65
   10.71    40.65    40.65
   10.91    40.65    40.65
   11.11    40.65    40.65
   11.31    40.65    40.65
   11.52    40.65    40.65
   11.72    40.65    40.65
   11.92    40.65    40.65
   12.12    40.65    40.65
   12.32    40.65    40.65
   12.53    40.65    40.65
   12.73    40.65    40.65
   12.93    40.65    40.65
   13.13    40.65    40.65
   13.33    40.65    40.65
   13.54    40.65    40.65
   13.74    40.65    40.65
   13.94    40.65    40.65
   14.14    40.65    40.65
   14.34    40.65    40.65
   14.55    40.65    40.65
   14.75    40.65    40.65
   14.95    40.65    40.65
   15.15    40.87    40.65
   15.35    40.87    40.65
   15.56    40.87    40.65
   15.76    40.87    40.65
   15.96    40.87    40.65
   16.16    40.87    40.65
   16.36    40.87    40.65
   16.57    40.87    40.65
   16.77    40.87    40.65
   16.97    40.87    40.65
   17.17    40.87    40.65
   17.37    40.87    40.65
   17.58    40.87    40.65
   17.78    40.87    40.65
   17.98    40.87    40.65
   18.18    40.87    40.65
   18.38    40.87    40.65
   18.59    40.87    40.65
   18.79    40.87    40.65
   18.99    40.87    40.65
   19.19    40.87    40.87
   19.39    40.87    40.87
   19.60    40.87    40.87
   19.80    40.87    40.87
   20.00    40.87    40.87
