    0.00     0.00     0.00
    0.20     0.00     0.00
    0.40     0.00     0.00
    0.61     0.00     0.00
    0.81     0.00     0.00
    1.01    31.09    30.65
    1.21    31.09    30.65
    1.41    31.09    30.65
    1.62    31.09    30.65
    1.82    31.09    30.65
    2.02    34.35    33.48
    2.22    34.35    33.48
    2.42    34.35    33.48
    2.63    34.35    33.48
    2.83    34.35    33.48
    3.03    35.22    33.91
    3.23    35.22    33.91
    3.43    35.22    33.91
    3.64    35.22    33.91
    3.84    35.22    33.91
    4.04    35.22    34.13
    4.24    35.22    34.13
    4.44    35.22    34.13
    4.65    35.22    34.13
    4.85    35.22    34.13
    5.05    35.22    34.35
    5.25    35.22    34.35
    5.45    35.22    34.35
    5.66    35.22    34.35
    5.86    35.22    34.35
    6.06    35.22    34.35
    6.26    35.22    34.35
    6.46    35.22    34.35
    6.67    35.22    34.35
    6.87    35.22    34.35
    7.07    35.22    34.35
    7.27    35.22    34.35
    7.47    35.22    34.35
    7.68    35.22    34.35
    7.88    35.22    34.35
    8.08    35.22    34.35
    8.28    35.22    34.35
    8.48    35.22    34.35
    8.69    35.22    34.35
    8.89    35.22    34.35
    9.09    35.22    34.35
    9.29    35.22    34.35
    9.49    35.22    34.35
    9.70    35.22    34.35
    9.90    35.22    34.35
   10.10    35.43    34.35
   10.30    35.43    34.35
   10.51    35.43    34.35
   10.71    35.43    34.35
   10.91    35.43    34.35
   11.11    35.43    34.35
   11.31    35.43    34.35
   11.52    35.43    34.35
   11.72    35.43    34.35
   11.92    35.43    34.35
   12.12    35.43    34.57
   12.32    35.43    34.57
   12.53    35.43    34.57
   12.73    35.43    34.57
   12.93    35.43    34.57
   13.13    35.65    34.57
   13.33    35.65    34.57
   13.54    35.65    34.57
   13.74    35.65    34.57
   13.94    35.65    34.57
   14.14    35.65    34.57
   14.34    35.65    34.57
   14.55    35.65    34.57
   14.75    35.65    34.57
   14.95    35.65    34.57
   15.15    35.87    34.57
   15.35    35.87    34.57
   15.56    35.87    34.57
   15.76    35.87    34.57
   15.96    35.87    34.57
   16.16    35.87    34.57
   16.36    35.87    34.57
   16.57    35.87    34.57
   16.77    35.87    34.57
   16.97    35.87    34.57
   17.17    35.87    34.57
   17.37    35.87    34.57
   17.58    35.87    34.57
   17.78    35.87    34.57
   17.98    35.87    34.57
   18.18    35.87    34.57
   18.38    35.87    34.57
   18.59    35.87    34.57
   18.79    35.87    34.57
   18.99    35.87    34.57
   19.19    35.87    34.57
   19.39    35.87    34.57
   19.60    35.87    34.57
   19.80    35.87    34.57
   20.00    35.87    34.57
