    0.00   143.48   119.57
    1.01   354.35   339.13
    2.02   378.26   358.70
    3.03   397.83   380.43
    4.04   410.87   389.13
    5.05   419.57   402.17
    6.06   423.91   406.52
    7.07   432.61   413.04
    8.08   436.96   421.74
    9.09   443.48   441.30
   10.10   452.17   445.65
   11.11   458.70   454.35
   12.12   465.22   460.87
   13.13   467.39   460.87
   14.14   467.39   465.22
   15.15   469.57   467.39
   16.16   469.57   476.09
   17.17   471.74   476.09
   18.18   473.91   476.09
   19.19   478.26   478.26
   20.20   478.26   489.13
   21.21   482.61   493.48
   22.22   482.61   495.65
   23.23   491.30   500.00
   24.24   493.48   504.35
   25.25   500.00   510.87
   26.26   502.17   510.87
   27.27   504.35   510.87
   28.28   506.52   513.04
   29.29   508.70   517.39
   30.30   513.04   517.39
   31.31   513.04   517.39
   32.32   515.22   517.39
   33.33   519.57   519.57
   34.34   523.91   519.57
   35.35   526.09   519.57
   36.36   534.78   521.74
   37.37   534.78   528.26
   38.38   539.13   530.43
   39.39   543.48   534.78
   40.40   545.65   534.78
   41.41   550.00   543.48
   42.42   554.35   545.65
   43.43   556.52   547.83
   44.44   558.70   552.17
   45.45   565.22   554.35
   46.46   565.22   558.70
   47.47   569.57   558.70
   48.48   578.26   560.87
   49.49   580.43   563.04
   50.51   582.61   567.39
   51.52   584.78   573.91
   52.53   584.78   573.91
   53.54   591.30   578.26
   54.55   593.48   582.61
   55.56   595.65   586.96
   56.57   600.00   593.48
   57.58   606.52   593.48
   58.59   613.04   602.17
   59.60   613.04   606.52
   60.61   617.39   613.04
   61.62   623.91   617.39
   62.63   632.61   619.57
   63.64   636.96   621.74
   64.65   641.30   623.91
   65.66   645.65   628.26
   66.67   660.87   643.48
   67.68   665.22   650.00
   68.69   669.57   652.17
   69.70   676.09   654.35
   70.71   682.61   656.52
   71.72   684.78   660.87
   72.73   686.96   665.22
   73.74   691.30   667.39
   74.75   693.48   669.57
   75.76   700.00   676.09
   76.77   704.35   684.78
   77.78   708.70   686.96
   78.79   713.04   691.30
   79.80   715.22   697.83
   80.81   723.91   702.17
   81.82   734.78   704.35
   82.83   741.30   717.39
   83.84   752.17   723.91
   84.85   760.87   730.43
   85.86   767.39   734.78
   86.87   776.09   734.78
   87.88   780.43   739.13
   88.89   784.78   741.30
   89.90   795.65   743.48
   90.91   808.70   754.35
   91.92   817.39   763.04
   92.93   828.26   782.61
   93.94   841.30   791.30
   94.95   856.52   806.52
   95.96   869.57   813.04
   96.97   882.61   828.26
   97.98   895.65   847.83
   98.99   934.78   884.78
  100.00   995.65   995.65
