    0.00     0.00     0.00
    0.20     0.00     0.00
    0.40     0.00     0.00
    0.61     0.00     0.00
    0.81     0.00     0.00
    1.01    45.43    40.65
    1.21    45.43    40.65
    1.41    45.43    40.65
    1.62    45.43    40.65
    1.82    45.43    40.65
    2.02    64.13    64.78
    2.22    64.13    64.78
    2.42    64.13    64.78
    2.63    64.13    64.78
    2.83    64.13    64.78
    3.03    71.30    72.17
    3.23    71.30    72.17
    3.43    71.30    72.17
    3.64    71.30    72.17
    3.84    71.30    72.17
    4.04    74.57    76.52
    4.24    74.57    76.52
    4.44    74.57    76.52
    4.65    74.57    76.52
    4.85    74.57    76.52
    5.05    78.26    79.57
    5.25    78.26    79.57
    5.45    78.26    79.57
    5.66    78.26    79.57
    5.86    78.26    79.57
    6.06    79.78    80.65
    6.26    79.78    80.65
    6.46    79.78    80.65
    6.67    79.78    80.65
    6.87    79.78    80.65
    7.07    80.22    81.30
    7.27    80.22    81.30
    7.47    80.22    81.30
    7.68    80.22    81.30
    7.88    80.22    81.30
    8.08    81.30    81.96
    8.28    81.30    81.96
    8.48    81.30    81.96
    8.69    81.30    81.96
    8.89    81.30    81.96
    9.09    82.83    83.04
    9.29    82.83    83.04
    9.49    82.83    83.04
    9.70    82.83    83.04
    9.90    82.83    83.04
   10.10    82.83    84.13
   10.30    82.83    84.13
   10.51    82.83    84.13
   10.71    82.83    84.13
   10.91    82.83    84.13
   11.11    83.26    84.78
   11.31    83.26    84.78
   11.52    83.26    84.78
   11.72    83.26    84.78
   11.92    83.26    84.78
   12.12    83.48    85.65
   12.32    83.48    85.65
   12.53    83.48    85.65
   12.73    83.48    85.65
   12.93    83.48    85.65
   13.13    83.70    85.65
   13.33    83.70    85.65
   13.54    83.70    85.65
   13.74    83.70    85.65
   13.94    83.70    85.65
   14.14    83.70    85.65
   14.34    83.70    85.65
   14.55    83.70    85.65
   14.75    83.70    85.65
   14.95    83.70    85.65
   15.15    83.91    85.65
   15.35    83.91    85.65
   15.56    83.91    85.65
   15.76    83.91    85.65
   15.96    83.91    85.65
   16.16    83.91    85.87
   16.36    83.91    85.87
   16.57    83.91    85.87
   16.77    83.91    85.87
   16.97    83.91    85.87
   17.17    84.13    86.09
   17.37    84.13    86.09
   17.58    84.13    86.09
   17.78    84.13    86.09
   17.98    84.13    86.09
   18.18    84.35    86.09
   18.38    84.35    86.09
   18.59    84.35    86.09
   18.79    84.35    86.09
   18.99    84.35    86.09
   19.19    84.35    86.30
   19.39    84.35    86.30
   19.60    84.35    86.30
   19.80    84.35    86.30
   20.00    84.35    86.30
