    0.00     0.00     0.00
    0.20     0.00     0.00
    0.40     0.00     0.00
    0.61     0.00     0.00
    0.81     0.00     0.00
    1.01    40.43    36.52
    1.21    40.43    36.52
    1.41    40.43    36.52
    1.62    40.43    36.52
    1.82    40.43    36.52
    2.02    44.13    41.96
    2.22    44.13    41.96
    2.42    44.13    41.96
    2.63    44.13    41.96
    2.83    44.13    41.96
    3.03    44.35    42.83
    3.23    44.35    42.83
    3.43    44.35    42.83
    3.64    44.35    42.83
    3.84    44.35    42.83
    4.04    44.57    43.26
    4.24    44.57    43.26
    4.44    44.57    43.26
    4.65    44.57    43.26
    4.85    44.57    43.26
    5.05    44.57    43.26
    5.25    44.57    43.26
    5.45    44.57    43.26
    5.66    44.57    43.26
    5.86    44.57    43.26
    6.06    44.57    43.70
    6.26    44.57    43.70
    6.46    44.57    43.70
    6.67    44.57    43.70
    6.87    44.57    43.70
    7.07    44.57    43.91
    7.27    44.57    43.91
    7.47    44.57    43.91
    7.68    44.57    43.91
    7.88    44.57    43.91
    8.08    44.57    43.91
    8.28    44.57    43.91
    8.48    44.57    43.91
    8.69    44.57    43.91
    8.89    44.57    43.91
    9.09    44.57    43.91
    9.29    44.57    43.91
    9.49    44.57    43.91
    9.70    44.57    43.91
    9.90    44.57    43.91
   10.10    44.57    43.91
   10.30    44.57    43.91
   10.51    44.57    43.91
   10.71    44.57    43.91
   10.91    44.57    43.91
   11.11    44.57    44.13
   11.31    44.57    44.13
   11.52    44.57    44.13
   11.72    44.57    44.13
   11.92    44.57    44.13
   12.12    44.57    44.35
   12.32    44.57    44.35
   12.53    44.57    44.35
   12.73    44.57    44.35
   12.93    44.57    44.35
   13.13    44.57    44.35
   13.33    44.57    44.35
   13.54    44.57    44.35
   13.74    44.57    44.35
   13.94    44.57    44.35
   14.14    44.78    44.35
   14.34    44.78    44.35
   14.55    44.78    44.35
   14.75    44.78    44.35
   14.95    44.78    44.35
   15.15    45.00    44.35
   15.35    45.00    44.35
   15.56    45.00    44.35
   15.76    45.00    44.35
   15.96    45.00    44.35
   16.16    45.22    44.35
   16.36    45.22    44.35
   16.57    45.22    44.35
   16.77    45.22    44.35
   16.97    45.22    44.35
   17.17    45.22    44.35
   17.37    45.22    44.35
   17.58    45.22    44.35
   17.78    45.22    44.35
   17.98    45.22    44.35
   18.18    45.22    44.35
   18.38    45.22    44.35
   18.59    45.22    44.35
   18.79    45.22    44.35
   18.99    45.22    44.35
   19.19    45.22    44.35
   19.39    45.22    44.35
   19.60    45.22    44.35
   19.80    45.22    44.35
   20.00    45.43    44.57
