
Styrene

54 66 86 8 29 51 32 15
54.532794547135197 66.654323162151115 85.289832641344944 7.049162022711048 29.532118072135400 50.638972023930158 32.042467644820562 14.843989401274358
53.323632377275182 66.181193460566263 85.719572747433460 7.247418740146658 29.265747834710812 50.914575198785073 32.323661496565599 14.334738017044668 
53.482444500546542 66.551429667591918 86.599667593068361 7.372819306555395 28.102510778303841 51.752670826262950 32.536509221707590 14.985300294609111
53.013301270178822 65.608540602868544 85.574853667168611 8.736137128676321 28.318806341853644 51.560628008577190 32.902356954338579 15.230890427304173 
54.929146119726155 65.002161295409820 85.005629492715386 7.854131034518157 28.850501794682465 51.143534169030268 31.309210318375662 14.125309131323665 
53.708271399631229 66.376335553563280 86.947849798469775 8.673179336840562 28.266984863501737 51.973143614170411 31.732502490615587 14.540087316287702 
54.788744908522055 66.231506944618076 85.898641045391244 7.159031499959303 29.316564254745973 51.335526954856590 31.984968080065439 14.081005849242445 
53.824302068078964 65.883209281480688 86.715044626923060 8.257977729490488 28.996467173657489 50.098743679071482 31.649608757824080 14.418615624545751
53.171511535805536 65.418091222228966 86.020273761618952 7.904303696799163 29.181279809512496 51.415483817112509 32.113127239330936 14.735715725025097
54.011080227492165 66.040709475740030 86.848937462584331 7.403163334402061 28.527324912563742 51.647804426738944 32.643174229339508 15.519938881094554
54.370693390204266 65.256971743855857 85.151719862281283 8.165313485303269 28.638857081634658 50.180450006290442 32.434512657540502 14.202041816572203 
53.694117402051134 66.897076355059880 86.652626790304808 8.888863491730035 28.470706809747664 50.283975560260934 31.405046850350928 15.110851510756381 
53.529418544198720 66.949909143091617 86.431668159233325 8.975351693615167 28.005214857241423 51.268602537822119 31.824247667315475 15.013124312137515
53.954942565168011 66.761711927075339 86.220905497442217 7.767666709578519 29.482929274435836 51.098663001600343 32.832978443715952 14.641668991917202
54.417730129025351 65.978749954998207 86.357459327615203 7.554546925601211 29.620478533073438 50.808219334019398 31.246315749535878 15.881819382887757 
53.280565839815083 66.477462952439083 85.976040340535349 8.507012093464613 29.862297879988862 50.510953545293525 32.704124712968273 15.637885715681568 
54.237863614768223 65.500799650559387 85.405945951236859 8.369057883408168 29.021259069983209 50.716979401050367 31.124013009114194 15.930201540940955

MDO

34.793999999999997 7.587000000000000 0.441000000000000 3 3 5 0.300000000000000 -13.092819580583134 -799.603857280178204 -24770.063713814768562 -23351.582644655092736

38.664606555054107 6.297255457564550 0.399492801971383 0.531298139349394 1.240765714934274 3.837959124287115 0.566261081674197 -8.445126231876692 12284.111053604538029 -42862.740485120484664 -32666.125977299056103

37.295972367002619 7.189698945751809 0.475886892435347 0.807717625519195 0.399641320155850 2.708763634375940 0.380058051916668 -12.709246189837829 5344.943884048959262 29866.358146335718629 3751.020260515828795

36.195077753030944 10.863745561769171 0.323858215950629 2.346957905717883 -0.355711343594760 3.514436160506317 0.479463110200819 -12.680440531487147 -2009.735422359560744 -7750.224884789198768 -14965.853643448619550

41.176709265198255 9.651603003882711 0.421740497086137 -0.005720745726889 1.026964139246141 3.440081693755948 0.762228657203198 -6.744437483991876 11626.991009406252488 -13759.986807766183119 -18121.353143221309438

31.286336518541521 6.509595785827748 0.311682914831136 -0.712952238068206 2.438397285863384 4.379467583177487 0.585647691540804 -4.613904874137289 13526.909845020787543 -59778.432550766927307 -41143.791510716924677

34.525967066182282 8.876571280596911 0.449674750047427 1.144213105725175 1.796188008691228 3.112290054467108 0.332541560408553 -12.968514501972574 645.792000652708907 42128.272451438642747 9984.436360412581053

42.055848062575294 9.543580381698808 0.325774027718644 1.895412489887191 2.173572268703387 4.765910908199360 0.710447468390210 -8.866730209655097 6342.897061273902182 -34486.095165493134118 -28419.429312144322466

39.422315924526728 7.882059253678205 0.459561646226459 0.789862509488562 0.882412720677073 4.965720765096070 0.323598937962809 -10.025214780886889 8315.050410338917573 -40208.937128816811310 -31238.927570879888663

35.312035497234213 11.294387746414726 0.290162975185123 1.233713053174716 -0.715959824415846 3.690751963816758 0.403246237275364 -10.602131706841774 2076.875744508713069 -27297.499390625955130 -24758.971588273416273

41.526370229613121 7.299315433762808 0.423118553521838 -0.984669673672102 0.517299032843974 4.312514226090283 0.522771308824832 -3.391361379710541 18369.192608116696647 -54510.376056196539139 -38520.166673936997540

32.781357123407389 10.033966292378951 0.490787848280228 1.607916008496638 1.984877872882616 3.171508279745818 0.681239899016158 -10.356534337506650 1563.128705391730364 9930.747482839207805 -6209.804455421242892

39.782644018305618 7.567168981504433 0.352484876944564 2.728513092996672 0.066809967688008 4.123865812496250 0.630324186743313 -10.745097915570197 6335.001992348574277 -39072.056299973723071 -30716.558293904188758

30.277377777157206 10.512350270806893 0.376142221642226 -0.473523869848234 2.255404701003666 2.807397683790745 0.645755533335673 -6.359385333773220 5842.820486980438545 8297.538367109689716 -7069.863368759209152

