33
32.937500000000000
32.796875000000000
32.656250000000000
32.914062500000000
31.796875000000000
33.125000000000000
31.500000000000000
32.031250000000000
29.859375000000000
92.640625000000000
25.592773437500000
100
0
100
54.234375000000000
33.812500000000000
44.562500000000000
52.078125000000000
24.500000000000000
58.609375000000000
31.359375000000000
55.062500000000000
31.485351562500000
55.579101562500000
35.046875000000000
50.265625000000000
38.921875000000000
43.906250000000000
44.109375000000000
43.750000000000000
44.265625000000000
44.343750000000000
43.843750000000000
43.988281250000000
44
43.671875000000000
43.953125000000000
43.843750000000000
43.484375000000000
43.687500000000000
44.187500000000000
43.593750000000000
42.675781250000000
44.515625000000000
100
0
100
1.109375000000000
100
0
100
2.640625000000000
100
0
100
0.312500000000000
100
0
100

80.123