50.00000000000000
50.00000000000000
30.00000000000000
30.00000000000000
90.00000000000000
10.00000000000000
90.00000000000000
70.00000000000000
100.00000000000000
10.00000000000000
100.00000000000000
30.00000000000000
90.00000000000000
10.00000000000000
30.00000000000000
10.00000000000000
30.00000000000000
0.00000000000000
90.00000000000000
10.00000000000000
70.00000000000000
0.00000000000000
100.00000000000000
90.00000000000000
30.00000000000000
0.00000000000000
90.00000000000000
30.00000000000000
70.00000000000000
30.00000000000000
0.00000000000000
70.00000000000000
30.00000000000000
90.00000000000000
30.00000000000000
30.00000000000000
30.00000000000000
70.00000000000000
70.00000000000000
50.00000000000000
30.00000000000000
70.00000000000000
90.00000000000000
70.00000000000000
100.00000000000000
50.00000000000000
0.00000000000000
90.00000000000000
50.00000000000000
0.00000000000000
90.00000000000000
70.00000000000000
10.00000000000000
90.00000000000000
0.00000000000000
90.00000000000000
30.00000000000000
50.00000000000000
70.00000000000000
30.00000000000000