34.793999999999997 7.587000000000000 0.441000000000000 3 3 5 0.300000000000000 -13.092819580583134 -799.603857280178204 -24770.063713814768562 -23351.582644655092736
34.319626625818117 11.964297742900509 0.485428657682480 2.027212317899618 -0.489596830422431 2.034459618151760 0.502383064499447 100000000000000000000.000000000000000 100000000000000000000.000000000000000 100000000000000000000.000000000000000 100000000000000000000.000000000000000
38.664606555054107 6.297255457564550 0.399492801971383 0.531298139349394 1.240765714934274 3.837959124287115 0.566261081674197 -8.445126231876692 12284.111053604538029 -42862.740485120484664 -32666.125977299056103
37.295972367002619 7.189698945751809 0.475886892435347 0.807717625519195 0.399641320155850 2.708763634375940 0.380058051916668 -12.709246189837829 5344.943884048959262 29866.358146335718629 3751.020260515828795
36.195077753030944 10.863745561769171 0.323858215950629 2.346957905717883 -0.355711343594760 3.514436160506317 0.479463110200819 -12.680440531487147 -2009.735422359560744 -7750.224884789198768 -14965.853643448619550
41.176709265198255 9.651603003882711 0.421740497086137 -0.005720745726889 1.026964139246141 3.440081693755948 0.762228657203198 -6.744437483991876 11626.991009406252488 -13759.986807766183119 -18121.353143221309438
37.751974202401932 11.692245267632474 0.297785900788099 0.006027423126164 2.690998541538370 2.289175574111095 0.454981902243216 100000000000000000000.000000000000000 100000000000000000000.000000000000000 100000000000000000000.000000000000000 100000000000000000000.000000000000000
31.286336518541521 6.509595785827748 0.311682914831136 -0.712952238068206 2.438397285863384 4.379467583177487 0.585647691540804 -4.613904874137289 13526.909845020787543 -59778.432550766927307 -41143.791510716924677
34.525967066182282 8.876571280596911 0.449674750047427 1.144213105725175 1.796188008691228 3.112290054467108 0.332541560408553 -12.968514501972574 645.792000652708907 42128.272451438642747 9984.436360412581053
42.055848062575294 9.543580381698808 0.325774027718644 1.895412489887191 2.173572268703387 4.765910908199360 0.710447468390210 -8.866730209655097 6342.897061273902182 -34486.095165493134118 -28419.429312144322466
39.422315924526728 7.882059253678205 0.459561646226459 0.789862509488562 0.882412720677073 4.965720765096070 0.323598937962809 -10.025214780886889 8315.050410338917573 -40208.937128816811310 -31238.927570879888663
35.312035497234213 11.294387746414726 0.290162975185123 1.233713053174716 -0.715959824415846 3.690751963816758 0.403246237275364 -10.602131706841774 2076.875744508713069 -27297.499390625955130 -24758.971588273416273
32.023305324726579 8.472300327097136 0.335531645698829 -0.357427749400359 0.799006035364933 1.920086303462760 0.358119816613877 100000000000000000000.000000000000000 100000000000000000000.000000000000000 100000000000000000000.000000000000000 100000000000000000000.000000000000000
43.898666517785443 8.151367846515814 0.384422507238673 2.851034812827370 1.544597112421085 2.450174830716610 0.774477561725415 100000000000000000000.000000000000000 100000000000000000000.000000000000000 100000000000000000000.000000000000000 100000000000000000000.000000000000000
41.526370229613121 7.299315433762808 0.423118553521838 -0.984669673672102 0.517299032843974 4.312514226090283 0.522771308824832 -3.391361379710541 18369.192608116696647 -54510.376056196539139 -38520.166673936997540
32.781357123407389 10.033966292378951 0.490787848280228 1.607916008496638 1.984877872882616 3.171508279745818 0.681239899016158 -10.356534337506650 1563.128705391730364 9930.747482839207805 -6209.804455421242892
39.782644018305618 7.567168981504433 0.352484876944564 2.728513092996672 0.066809967688008 4.123865812496250 0.630324186743313 -10.745097915570197 6335.001992348574277 -39072.056299973723071 -30716.558293904188758
30.277377777157206 10.512350270806893 0.376142221642226 -0.473523869848234 2.255404701003666 2.807397683790745 0.645755533335673 -6.359385333773220 5842.820486980438545 8297.538367109689716 -7069.863368759209152
44.853853998555302 9.192176274511073 0.407876253463066 0.380578967691534 -0.812267149987693 2.202291004614041 0.443601447454328 100000000000000000000.000000000000000 100000000000000000000.000000000000000 100000000000000000000.000000000000000 100000000000000000000.000000000000000
43.448896122735199 6.760426608207735 0.359738350056517 2.473855432419539 -0.190787309918270 1.740588430487688 0.719626497796533 100000000000000000000.000000000000000 100000000000000000000.000000000000000 100000000000000000000.000000000000000 100000000000000000000.000000000000000
